9.99228370854735e-06
9.98918134681801e-06
9.9857991283881e-06
9.98219492711618e-06
9.97842554097777e-06
9.97454574566251e-06
9.97060736558031e-06
9.96665838084651e-06
9.96274208833316e-06
9.95889633392503e-06
9.9551528317334e-06
9.95153658423652e-06
9.948065415186e-06
9.94474962470174e-06
9.94159177334386e-06
9.93858659916827e-06
9.93572106891758e-06
9.93297456164393e-06
9.93031918027538e-06
9.92772018398941e-06
9.92513653180611e-06
9.92252152561369e-06
9.91982353893541e-06
9.91698681617788e-06
9.9139523258949e-06
9.91065865077907e-06
9.90704289666766e-06
9.90304160282373e-06
9.89859163612441e-06
9.89363105254423e-06
9.88809991044384e-06
9.88194102163728e-06
9.87510062798156e-06
9.86752899327115e-06
9.85918090248116e-06
9.85001606283396e-06
9.83999940370714e-06
9.82910127499361e-06
9.81729754609971e-06
9.80456961025544e-06
9.79090430114212e-06
9.77629373094613e-06
9.76073506075725e-06
9.74423021568424e-06
9.72678555810574e-06
9.70841153306816e-06
9.68912229995365e-06
9.66893536415585e-06
9.6478712216204e-06
9.62595302775052e-06
9.60320630038467e-06
9.57965866437915e-06
9.55533964284742e-06
9.53028049741076e-06
9.50451411700151e-06
9.47807495194403e-06
9.45099898733478e-06
9.42332374726864e-06
9.39508831932598e-06
9.36633338704689e-06
9.33710125696268e-06
9.30743586619999e-06
9.2773827567648e-06
9.24698900337308e-06
9.21630308311277e-06
9.18537467726201e-06
9.15425439818526e-06
9.12299343729092e-06
9.09164313344462e-06
9.06025446485777e-06
9.02887747116233e-06
8.99756061598205e-06
8.96635010366158e-06
8.93528916676389e-06
8.90441734335482e-06
8.87376976484034e-06
8.84337647611197e-06
8.81326180992383e-06
8.78344383673837e-06
8.75393390974225e-06
8.7247363223883e-06
8.69584809274156e-06
8.66725888520509e-06
8.63895107601223e-06
8.61089996435816e-06
8.58307412638011e-06
8.55543590457069e-06
8.52794202080666e-06
8.5005442971772e-06
8.47319046536216e-06
8.44582504258466e-06
8.4183902502513e-06
8.39082695037558e-06
8.3630755747914e-06
8.33507702300246e-06
8.30677350623597e-06
8.27810931779575e-06
8.2490315130237e-06
8.21949048593619e-06
8.18944043373582e-06
8.15883970472718e-06
8.12765102950113e-06
8.09584163940966e-06
8.06338328015927e-06
8.03025213165153e-06
7.99642864786551e-06
7.96189733251414e-06
7.92664646735405e-06
7.89066781036617e-06
7.85395628056901e-06
7.8165096450331e-06
7.77832822182228e-06
7.73941461021164e-06
7.69977345676294e-06
7.65941126282875e-06
7.61833623596846e-06
7.57655818474909e-06
7.53408845362245e-06
7.49093989214804e-06
7.44712685087759e-06
7.40266519481212e-06
7.3575723245359e-06
7.31186719493783e-06
7.26557032183517e-06
7.2187037677677e-06
7.1712910996586e-06
7.12335731284463e-06
7.07492871804866e-06
7.02603279007976e-06
6.97669797927384e-06
6.92695348880896e-06
6.87682902293382e-06
6.82635451273875e-06
6.77555982730174e-06
6.72447447880743e-06
6.67312733053722e-06
6.62154631646633e-06
6.56975818060328e-06
6.51778824321649e-06
6.46566019977958e-06
6.4133959569123e-06
6.3610155078891e-06
6.30853684852868e-06
6.25597593255875e-06
6.20334666396056e-06
6.15066092241506e-06
6.09792861686142e-06
6.0451577613858e-06
5.9923545672124e-06
5.93952354447967e-06
5.88666760774075e-06
5.83378817970295e-06
5.7808852885718e-06
5.72795765543594e-06
5.67500276935426e-06
5.6220169491164e-06
5.56899539196774e-06
5.51593221085172e-06
5.46282046285777e-06
5.40965217251658e-06
5.35641835430759e-06
5.30310903920278e-06
5.24971331024354e-06
5.19621935202853e-06
5.14261451858372e-06
5.08888542341392e-06
5.03501805462674e-06
4.98099791691836e-06
4.9268102009644e-06
4.87243997942318e-06
4.81787242739247e-06
4.76309306382254e-06
4.70808800913665e-06
4.65284425319854e-06
4.59734992684474e-06
4.54159456950704e-06
4.48556938502134e-06
4.42926747757404e-06
4.37268405988925e-06
4.31581662620862e-06
4.25866508335136e-06
4.20123183414307e-06
4.14352180873791e-06
4.08554244078893e-06
4.02730358699978e-06
3.96881739026296e-06
3.91009808829941e-06
3.85116177140089e-06
3.79202609448293e-06
3.73270995012294e-06
3.67323311053482e-06
3.61361584747066e-06
3.55387853980275e-06
3.49404127899885e-06
3.43412348283866e-06
3.3741435275266e-06
3.31411840783761e-06
3.25406343410747e-06
3.19399197377343e-06
3.13391524382398e-06
3.0738421589743e-06
3.01377923870029e-06
2.95373057449733e-06
2.89369785694131e-06
2.83368046038026e-06
2.77367558143463e-06
2.71367842598707e-06
2.65368243804792e-06
2.59367956282951e-06
2.5336605355829e-06
2.47361518726312e-06
2.41353275790351e-06
2.35340220869284e-06
2.29321252414777e-06
2.23295299643425e-06
2.17261348478171e-06
2.11218464401545e-06
2.05165811745832e-06
1.99102669077575e-06
1.93028440470776e-06
1.86942662599833e-06
1.8084500771494e-06
1.74735282685174e-06
1.68613424403967e-06
1.62479491945234e-06
1.56333655933712e-06
1.50176185648696e-06
1.44007434415662e-06
1.378278238554e-06
1.3163782755612e-06
1.25437954712127e-06
1.19228734235015e-06
1.13010699792566e-06
1.06784376169239e-06
1.00550267273351e-06
9.43088460426104e-07
8.8060546424513e-07
8.18057575337703e-07
7.55448200179047e-07
6.92780245963064e-07
6.30056126791159e-07
5.67277789214214e-07
5.04446755262763e-07
4.41564180773021e-07
3.78630926581902e-07
3.15647640019197e-07
2.52614844063845e-07
1.89533031545381e-07
1.26402761851388e-07
6.32247577358163e-08
6.1637624832589e-22
-6.32701819740075e-08
-1.26584025630779e-07
-1.899392581465e-07
-2.53333028153406e-07
-3.16761847379737e-07
-3.80221543091681e-07
-4.43707222035637e-07
-5.07213246415493e-07
-5.70733222302141e-07
-6.34260000760492e-07
-6.97785691890367e-07
-7.61301691907804e-07
-8.24798723336526e-07
-8.88266888328584e-07
-9.51695735080214e-07
-1.01507433724505e-06
-1.07839138616286e-06
-1.14163529560973e-06
-1.20479431862688e-06
-1.26785667579536e-06
-1.33081069408713e-06
-1.39364495514066e-06
-1.45634845148126e-06
-1.51891074884053e-06
-1.58132215233342e-06
-1.6435738738401e-06
-1.70565819752872e-06
-1.76756864006483e-06
-1.82930010170508e-06
-1.89084900419128e-06
-1.95221341116944e-06
-2.01339312677996e-06
-2.07438976812176e-06
-2.13520680750115e-06
-2.19584958074851e-06
-2.25632525843035e-06
-2.31664277749823e-06
-2.37681273179366e-06
-2.4368472208519e-06
-2.4967596575933e-06
-2.55656453672684e-06
-2.61627716697758e-06
-2.67591337154286e-06
-2.73548916243322e-06
-2.79502039551149e-06
-2.85452241405665e-06
-2.91400968949991e-06
-2.97349546856366e-06
-3.0329914363441e-06
-3.09250740488581e-06
-3.15205103648512e-06
-3.21162761032253e-06
-3.27123984007063e-06
-3.33088774887321e-06
-3.39056860657667e-06
-3.4502769323618e-06
-3.51000456402738e-06
-3.56974079318087e-06
-3.62947256356453e-06
-3.6891847277606e-06
-3.74886035564828e-06
-3.80848108629904e-06
-3.86802751355657e-06
-3.92747959441108e-06
-3.98681706848666e-06
-4.04601987654721e-06
-4.10506856590871e-06
-4.16394467102484e-06
-4.22263105827808e-06
-4.28111222513222e-06
-4.33937454524608e-06
-4.39740645286056e-06
-4.45519856169342e-06
-4.51274371564089e-06
-4.57003697072224e-06
-4.62707550984152e-06
-4.68385849400836e-06
-4.74038685559205e-06
-4.79666304091809e-06
-4.85269071100327e-06
-4.90847441042061e-06
-4.96401921515716e-06
-5.01933037085496e-06
-5.07441293299908e-06
-5.12927142043792e-06
-5.18390949310216e-06
-5.2383296639523e-06
-5.29253305406017e-06
-5.3465191983562e-06
-5.40028590799393e-06
-5.45382919354541e-06
-5.50714325139689e-06
-5.56022051381581e-06
-5.61305176126194e-06
-5.66562629366896e-06
-5.71793215567958e-06
-5.76995640922306e-06
-5.82168544542428e-06
-5.87310532666456e-06
-5.92420214871014e-06
-5.97496241221015e-06
-6.02537339256023e-06
-6.0754234971421e-06
-6.12510259928464e-06
-6.17440233894283e-06
-6.22331638104049e-06
-6.27184062364779e-06
-6.31997334963058e-06
-6.3677153170752e-06
-6.41506978561095e-06
-6.46204247766776e-06
-6.50864147566016e-06
-6.5548770580187e-06
-6.6007614788332e-06
-6.6463086975684e-06
-6.6915340668033e-06
-6.73645398717957e-06
-6.78108553967877e-06
-6.82544610594737e-06
-6.86955298763305e-06
-6.91342303557357e-06
-6.95707229919609e-06
-7.00051570565682e-06
-7.04376677710854e-06
-7.08683739306969e-06
-7.12973760323538e-06
-7.17247549427968e-06
-7.21505711231628e-06
-7.25748644078222e-06
-7.29976543165652e-06
-7.34189408619127e-06
-7.38387057977961e-06
-7.42569142426722e-06
-7.46735165997813e-06
-7.50884506900309e-06
-7.55016440091128e-06
-7.59130160199966e-06
-7.63224803948292e-06
-7.67299471263019e-06
-7.7135324437423e-06
-7.75385204299301e-06
-7.79394444247987e-06
-7.83380079628933e-06
-7.87341254491738e-06
-7.91277144393999e-06
-7.9518695583387e-06
-7.99069922529876e-06
-8.02925298956066e-06
-8.06752351647641e-06
-8.10550348876535e-06
-8.14318549355334e-06
-8.1805619066e-06
-8.21762478066301e-06
-8.25436574472223e-06
-8.29077592030198e-06
-8.32684586040891e-06
-8.36256551567609e-06
-8.39792423120601e-06
-8.43291077637791e-06
-8.46751340857315e-06
-8.50171997042257e-06
-8.53551801884055e-06
-8.56889498282848e-06
-8.60183834585073e-06
-8.63433584755068e-06
-8.66637569871961e-06
-8.69794680278832e-06
-8.72903897670434e-06
-8.75964316390263e-06
-8.78975163218309e-06
-8.81935814967259e-06
-8.84845813266346e-06
-8.87704875996473e-06
-8.90512904945137e-06
-8.93269989371338e-06
-8.95976405305125e-06
-8.98632610548854e-06
-9.01239235492596e-06
-9.03797069999092e-06
-9.0630704674888e-06
-9.08770221558634e-06
-9.11187751290449e-06
-9.13560870052799e-06
-9.15890864451593e-06
-9.18179048679795e-06
-9.20426740234904e-06
-9.22635237025006e-06
-9.24805796566816e-06
-9.26939617895318e-06
-9.29037826697193e-06
-9.31101464053521e-06
-9.3313147903601e-06
-9.35128725250979e-06
-9.37093961272447e-06
-9.39027854756132e-06
-9.40930989886055e-06
-9.4280387768047e-06
-9.44646968579072e-06
-9.46460666653238e-06
-9.48245344728439e-06
-9.50001359685253e-06
-9.51729067213025e-06
-9.53428835327889e-06
-9.55101056032481e-06
-9.56746154585327e-06
-9.58364595959248e-06
-9.59956888195305e-06
-9.61523582495977e-06
-9.63065270042431e-06
-9.64582575659627e-06
-9.66076148583739e-06
-9.67546650703283e-06
-9.68994742743742e-06
-9.70421068941439e-06
-9.7182624080324e-06
-9.73210820572823e-06
-9.74575305021544e-06
-9.75920110153416e-06
-9.77245557361672e-06
-9.78551861502098e-06
-9.79839121260048e-06
-9.8110731208855e-06
-9.82356281889483e-06
-9.83585749503581e-06
-9.84795305973295e-06
-9.85984418449695e-06
-9.87152436534797e-06
-9.88298600786752e-06
-9.89422053069338e-06
-9.90521848400022e-06
-9.91596967942134e-06
-9.92646332795207e-06
-9.93668818260888e-06
-9.94663268296984e-06
-9.95628509915488e-06
-9.96563367327861e-06
-9.97466675688458e-06
-9.98337294330818e-06
-9.99174119428374e-06
-9.99976096038184e-06
-1.00074222950168e-05
-1.00147159617927e-05
-1.0021633534861e-05
-1.00281674917522e-05
-1.003431129784e-05
-1.00400594812302e-05
-1.00454076964602e-05
-1.00503527750051e-05
-1.00548927602313e-05
-1.00590269241758e-05
-1.00627557633755e-05
-1.00660809709732e-05
-1.00690053824865e-05
-1.00715328929743e-05
-1.00736683438601e-05
-1.0075417378369e-05
-1.00767862653912e-05
-1.00777816925619e-05
-1.00784105304195e-05
-1.00786795706203e-05
-1.0078595242309e-05
-1.00781633118133e-05
-1.00773885718109e-05
-1.00762745269487e-05
-1.00748230835508e-05
-1.00730342514868e-05
-1.00709058664713e-05
-1.00684333410028e-05
-1.00656094518295e-05
-1.00624241712447e-05
-1.00588645486951e-05
-1.00549146481357e-05
-1.00505555453406e-05
-1.00457653879993e-05
-1.00405195199509e-05
-1.00347906693769e-05
-1.00285491992335e-05
-1.00217634167135e-05
-1.00143999371179e-05
-1.00064240962451e-05
-9.9978004042886e-06
-9.98849303331749e-06
-9.97846632969919e-06
-9.96768534233874e-06
-9.95611635734201e-06
-9.94372742966476e-06
-9.93048890246825e-06
-9.91637390524799e-06
-9.90135882231024e-06
-9.88542372381538e-06
-9.86855275235864e-06
-9.85073445889039e-06
-9.8319620826616e-06
-9.81223377079445e-06
-9.79155273400134e-06
-9.76992733589586e-06
-9.74737111424486e-06
-9.72390273339882e-06
-9.69954586800693e-06
-9.67432901897749e-06
-9.64828526348865e-06
-9.62145194169529e-06
-9.59387028362054e-06
-9.56558498056772e-06
-9.53664370624008e-06
-9.50709659360562e-06
-9.47699567438111e-06
-9.44639428881685e-06
-9.41534647421693e-06
-9.38390634130293e-06
-9.35212744808849e-06
-9.32006218134515e-06
-9.28776115597216e-06
-9.25527264260368e-06
-9.2226420335679e-06
-9.18991135683692e-06
-9.15711884686068e-06
-9.12429858016593e-06
-9.09148018233295e-06
-9.0586886114644e-06
-9.02594402156947e-06
-8.9932617074506e-06
-8.96065213075724e-06
-8.92812102492656e-06
-8.8956695748326e-06
-8.86329466518376e-06
-8.83098919010849e-06
-8.79874241501305e-06
-8.76654038073185e-06
-8.73436633926028e-06
-8.70220120998542e-06
-8.67002404532029e-06
-8.63781249499429e-06
-8.60554325893363e-06
-8.57319251964131e-06
-8.54073634620833e-06
-8.50815106349431e-06
-8.47541358154249e-06
-8.442501681871e-06
-8.40939425884193e-06
-8.37607151578893e-06
-8.34251511692682e-06
-8.30870829722713e-06
-8.27463593338882e-06
-8.24028457974207e-06
-8.20564247338977e-06
-8.17069951312072e-06
-8.13544721663938e-06
-8.09987866047699e-06
-8.06398840661248e-06
-8.02777241937947e-06
-7.99122797570937e-06
-7.95435357120142e-06
-7.91714882395649e-06
-7.87961437759519e-06
-7.84175180442881e-06
-7.80356350938106e-06
-7.76505263498055e-06
-7.72622296755962e-06
-7.68707884469995e-06
-7.64762506394812e-06
-7.60786679286882e-06
-7.56780948059249e-06
-7.52745877112699e-06
-7.48682041882184e-06
-7.44590020648109e-06
-7.4047038667041e-06
-7.36323700708239e-06
-7.32150503989078e-06
-7.27951311688146e-06
-7.23726606972347e-06
-7.19476835653544e-06
-7.15202401484371e-06
-7.10903662117432e-06
-7.06580925736418e-06
-7.02234448356704e-06
-6.97864431783995e-06
-6.93471022213321e-06
-6.89054309447443e-06
-6.84614326713457e-06
-6.80151051058852e-06
-6.75664404312847e-06
-6.71154254604708e-06
-6.6662041843696e-06
-6.62062663316948e-06
-6.57480710954022e-06
-6.52874241030866e-06
-6.48242895555384e-06
-6.43586283793704e-06
-6.38903987774994e-06
-6.3419556834516e-06
-6.29460571729412e-06
-6.24698536544129e-06
-6.19909001177103e-06
-6.15091511433694e-06
-6.10245628325552e-06
-6.05370935860144e-06
-6.00467048674245e-06
-5.95533619344308e-06
-5.90570345201954e-06
-5.85576974484443e-06
-5.80553311658336e-06
-5.75499221769521e-06
-5.70414633694117e-06
-5.6529954219175e-06
-5.60154008694392e-06
-5.5497816079909e-06
-5.4977219047013e-06
-5.44536350993994e-06
-5.39270952767243e-06
-5.33976358031888e-06
-5.286529747034e-06
-5.23301249462238e-06
-5.17921660299632e-06
-5.12514708721913e-06
-5.07080911824418e-06
-5.01620794446063e-06
-4.96134881609354e-06
-4.90623691438219e-06
-4.85087728728677e-06
-4.79527479325433e-06
-4.73943405432422e-06
-4.68335941957691e-06
-4.62705493964116e-06
-4.57052435267961e-06
-4.51377108198102e-06
-4.45679824500556e-06
-4.39960867346255e-06
-4.34220494375257e-06
-4.28458941688065e-06
-4.22676428674711e-06
-4.16873163554839e-06
-4.11049349487332e-06
-4.05205191096233e-06
-3.99340901250795e-06
-3.93456707931763e-06
-3.87552861013353e-06
-3.81629638791277e-06
-3.75687354091388e-06
-3.69726359801559e-06
-3.637470536809e-06
-3.57749882315731e-06
-3.51735344110347e-06
-3.45703991222462e-06
-3.39656430377816e-06
-3.33593322525026e-06
-3.2751538131992e-06
-3.21423370457139e-06
-3.15318099895075e-06
-3.09200421047139e-06
-3.03071221036981e-06
-2.96931416136904e-06
-2.90781944526284e-06
-2.84623758520169e-06
-2.78457816426523e-06
-2.72285074194086e-06
-2.66106477011284e-06
-2.59922951010554e-06
-2.53735395222222e-06
-2.47544673908386e-06
-2.41351609390986e-06
-2.35156975470086e-06
-2.28961491509422e-06
-2.22765817247185e-06
-2.16570548371685e-06
-2.10376212884553e-06
-2.0418326825904e-06
-1.97992099388092e-06
-1.91803017306273e-06
-1.85616258661508e-06
-1.79431985906596e-06
-1.73250288176496e-06
-1.67071182815017e-06
-1.60894617513468e-06
-1.54720473023595e-06
-1.48548566407464e-06
-1.42378654787437e-06
-1.362104395599e-06
-1.30043571036668e-06
-1.23877653478011e-06
-1.1771225048093e-06
-1.11546890685747e-06
-1.05381073763311e-06
-9.92142766442721e-07
-9.30459599509458e-07
-8.68755745915539e-07
-8.07025684758142e-07
-7.45263933102963e-07
-6.83465114313208e-07
-6.21624026326331e-07
-5.59735709443418e-07
-4.97795513186755e-07
-4.3579916176903e-07
-3.73742817700907e-07
-3.11623143044036e-07
-2.49437357792193e-07
-1.87183294837263e-07
-1.24859450948562e-07
-6.2465033167965e-08
-1.8272727110899e-21
6.25349032403467e-08
1.25138115566195e-07
1.87807238583189e-07
2.50539022499455e-07
3.13329360465804e-07
3.76173291777995e-07
4.39065014403914e-07
5.01997907212268e-07
5.64964562179176e-07
6.27956826735921e-07
6.90965856297719e-07
7.53982176883609e-07
8.16995757602226e-07
8.79996092641933e-07
9.42972292266105e-07
1.00591318217831e-06
1.06880741048683e-06
1.13164356136335e-06
1.1944102743559e-06
1.2570963681799e-06
1.31969096767153e-06
1.38218363244453e-06
1.44456448564398e-06
1.50682434104031e-06
1.56895482655548e-06
1.63094850216714e-06
1.69279896999961e-06
1.75450097429441e-06
1.81605048886458e-06
1.87744478959129e-06
1.93868250952775e-06
1.99976367424881e-06
2.06068971523512e-06
2.12146345931929e-06
2.18208909255459e-06
2.24257209729778e-06
2.30291916182692e-06
2.3631380624342e-06
2.42323751863461e-06
2.48322702289323e-06
2.54311664707808e-06
2.60291682866283e-06
2.66263814050422e-06
2.72229104877017e-06
2.78188566426076e-06
2.84143149291264e-06
2.90093719167568e-06
2.96041033617143e-06
3.01985720656317e-06
3.07928259787335e-06
3.13868966056667e-06
3.19807977657991e-06
3.25745247513302e-06
3.3168053916207e-06
3.37613427168973e-06
3.43543302129191e-06
3.49469380210987e-06
3.55390717033263e-06
3.61306225536137e-06
3.67214697370706e-06
3.7311482721509e-06
3.79005239322496e-06
3.84884515527486e-06
3.90751223882383e-06
3.96603947069247e-06
4.024413097356e-06
4.08262003934309e-06
4.14064811909011e-06
4.19848625554169e-06
4.25612461990225e-06
4.31355474825528e-06
4.37076960822892e-06
4.42776361844541e-06
4.48453262109074e-06
4.54107380952118e-06
4.59738561432778e-06
4.6534675526534e-06
4.70932004675194e-06
4.764944218752e-06
4.82034166930756e-06
4.87551424825949e-06
4.93046382558605e-06
4.98519207078215e-06
5.03970024838942e-06
5.09398903671949e-06
5.14805837590088e-06
5.20190735027227e-06
5.25553410888397e-06
5.30893582650334e-06
5.36210870609547e-06
5.41504802232143e-06
5.46774820420657e-06
5.5202029538299e-06
5.57240539671022e-06
5.62434825855135e-06
5.67602406218534e-06
5.72742533793893e-06
5.77854484025872e-06
5.829375763269e-06
5.87991194800253e-06
5.93014807432972e-06
5.98007983110205e-06
6.02970405870215e-06
6.07901885903229e-06
6.12802366894967e-06
6.17671929424069e-06
6.22510790238899e-06
6.27319297360064e-06
6.32097921077519e-06
6.36847241032058e-06
6.41567929687453e-06
6.46260732608579e-06
6.50926446059758e-06
6.55565892523867e-06
6.60179894814015e-06
6.64769249503981e-06
6.69334700439191e-06
6.73876913105709e-06
6.78396450629446e-06
6.82893752151171e-06
6.8736911427519e-06
6.9182267622112e-06
6.96254409220629e-06
7.00664110595836e-06
7.05051402836005e-06
7.09415737856957e-06
7.13756406486785e-06
7.18072553075932e-06
7.22363194983276e-06
7.26627246547226e-06
7.30863547015781e-06
7.35070891786499e-06
7.39248066199923e-06
7.4339388104165e-06
7.47507208841738e-06
7.51587020017496e-06
7.55632417888401e-06
7.59642671600313e-06
7.63617246030273e-06
7.67555827801711e-06
7.71458346621314e-06
7.75324991250578e-06
7.79156219544382e-06
7.8295276212241e-06
7.86715619383388e-06
7.90446051723195e-06
7.94145562972251e-06
7.97815877221692e-06
8.01458909358253e-06
8.05076729771597e-06
8.0867152383219e-06
8.12245546860519e-06
8.15801075417421e-06
8.19340355838895e-06
8.22865551015778e-06
8.2637868647787e-06
8.29881596882813e-06
8.3337587403145e-06
8.36862817533153e-06
8.40343389226134e-06
8.4381817241898e-06
8.47287336960211e-06
8.50750611062788e-06
8.54207260710276e-06
8.57656077351428e-06
8.61095374451108e-06
8.64522993309069e-06
8.67936318385889e-06
8.71332302189696e-06
8.74707499581101e-06
8.78058111150534e-06
8.81380035115926e-06
8.84668926984181e-06
8.87920266021939e-06
8.91129427395314e-06
8.94291758669949e-06
8.97402659217406e-06
9.00457660956916e-06
9.03452508777508e-06
9.06383238938927e-06
9.09246253743578e-06
9.12038390808426e-06
9.1475698534624e-06
9.17399923989465e-06
9.19965688855609e-06
9.22453390756978e-06
9.24862790695405e-06
9.27194309048101e-06
9.29449022136927e-06
9.31628646172029e-06
9.3373550886314e-06
9.35772509288771e-06
9.37743066895784e-06
9.39651060760565e-06
9.41500760469996e-06
9.43296750168482e-06
9.45043847460509e-06
9.46747018952337e-06
9.48411294258828e-06
9.50041680291625e-06
9.51643077583957e-06
9.53220200298687e-06
9.54777501414595e-06
9.56319104397869e-06
9.5784874244914e-06
9.59369706179741e-06
9.60884800323565e-06
9.6239630984219e-06
9.63905975539994e-06
9.65414979081237e-06
9.66923937099815e-06
9.68432903920741e-06
9.69941382274646e-06
9.71448341285515e-06
9.72952240948093e-06
9.74451062284071e-06
9.75942342372386e-06
9.77423213484492e-06
9.78890445614781e-06
9.80340491772823e-06
9.81769535490775e-06
9.83173540088877e-06
9.84548299327273e-06
9.85889489147145e-06
9.87192720262625e-06
9.88453591402951e-06
9.89667743018894e-06
9.90830911257421e-06
9.91938981974061e-06
9.92988044495724e-06
9.93974444771015e-06
9.94894837455416e-06
9.95746236380836e-06
9.96526062759627e-06
9.97232190379235e-06
9.97862986962354e-06
9.98417350805435e-06
9.98894741771775e-06
9.99295205709226e-06
9.99619391390607e-06
9.99868559139401e-06
1.00004458040504e-05
1.00014992768991e-05
1.0001876544016e-05
1.0001613644043e-05
1.00007517126767e-05
9.99933647452028e-06
9.9974176391897e-06
9.99504820906969e-06
