0
6.2764703421644e-08
1.25491858424069e-07
1.88182229436236e-07
2.50838003548684e-07
3.13462728264766e-07
3.76061214720789e-07
4.38639407882971e-07
5.01204226116025e-07
5.63763373354552e-07
6.26325127867736e-07
6.88898112266023e-07
7.5149104993499e-07
8.14112513479959e-07
8.76770671013223e-07
9.39473036206853e-07
1.00222622796581e-06
1.0650357453511e-06
1.12790576300823e-06
1.1908389518436e-06
1.25383632905583e-06
1.31689714088886e-06
1.38001878064947e-06
1.44319674364696e-06
1.50642461979114e-06
1.56969412365117e-06
1.63299516085808e-06
1.69631592885212e-06
1.75964304915636e-06
1.8229617276236e-06
1.88625593847366e-06
1.94950862743237e-06
2.01270192891615e-06
2.0758173919891e-06
2.13883620976193e-06
2.2017394470057e-06
2.26450826101966e-06
2.32712411121295e-06
2.38956895342564e-06
2.45182541570723e-06
2.51387695306997e-06
2.57570797961269e-06
2.63730397733848e-06
2.69865158193114e-06
2.75973864667504e-06
2.82055428656218e-06
2.88108890539172e-06
2.94133420929442e-06
3.00128321057526e-06
3.0609302260348e-06
3.12027087398292e-06
3.17930207398475e-06
3.23802205297622e-06
3.2964303607617e-06
3.35452789707757e-06
3.41231695140185e-06
3.46980125554974e-06
3.52698604786558e-06
3.58387814655906e-06
3.64048602849664e-06
3.69681990861194e-06
3.75289181410356e-06
3.80871564680567e-06
3.86430722659877e-06
3.91968430852053e-06
3.97486656637225e-06
4.02987553611358e-06
4.08473451320037e-06
4.13946839923399e-06
4.19410349482383e-06
4.24866723737099e-06
4.30318788449677e-06
4.35769414598918e-06
4.41221476933698e-06
4.46677808607093e-06
4.52141152814035e-06
4.57614112532401e-06
4.63099099612097e-06
4.68598284560967e-06
4.74113548434017e-06
4.79646438238821e-06
4.85198127222701e-06
4.9076938130611e-06
4.96360532773832e-06
5.01971462135669e-06
5.07601588828065e-06
5.13249871156307e-06
5.18914815584126e-06
5.24594495175196e-06
5.30286576691625e-06
5.35988355570585e-06
5.41696797743742e-06
5.47408587046241e-06
5.53120176792245e-06
5.58827843979852e-06
5.64527744534805e-06
5.70215968012134e-06
5.75888590247248e-06
5.81541722579804e-06
5.87171556458692e-06
5.927744024663e-06
5.9834672306404e-06
6.03885158646766e-06
6.09386546787824e-06
6.14847934845485e-06
6.20266586371944e-06
6.25639982005663e-06
6.30965815725685e-06
6.36241987493986e-06
6.41466593402914e-06
6.46637914475916e-06
6.51754405240938e-06
6.56814683109912e-06
6.61817519460191e-06
6.66761833133015e-06
6.71646686850399e-06
6.76471286817076e-06
6.81234985531308e-06
6.85937287590411e-06
6.90577858056519e-06
6.9515653275682e-06
6.99673329740199e-06
7.04128461006316e-06
7.08522343568837e-06
7.12855608913748e-06
7.1712910996586e-06
7.21343924778024e-06
7.25501356302103e-06
7.29602927779976e-06
7.33650373496601e-06
7.376456248542e-06
7.41590791945047e-06
7.4548814100851e-06
7.49340068344979e-06
7.5314907141538e-06
7.56917717972556e-06
7.60648614144155e-06
7.64344372412811e-06
7.68007580417839e-06
7.71640771435474e-06
7.7524639728635e-06
7.78826804276032e-06
7.82384212605344e-06
7.85920699501537e-06
7.8943818612924e-06
7.92938428152146e-06
7.96423009642477e-06
7.99893339884563e-06
8.03350652499177e-06
8.06796006232489e-06
8.10230286711767e-06
8.13654208471021e-06
8.17068316593294e-06
8.20472987399705e-06
8.23868427734184e-06
8.27254672540729e-06
8.30631580599453e-06
8.33998828469891e-06
8.37355902875856e-06
8.40702091946055e-06
8.440364758897e-06
8.47357917827879e-06
8.50665055612196e-06
8.53956295535927e-06
8.57229808875267e-06
8.60483532186335e-06
8.63715172226465e-06
8.66922216267012e-06
8.70101948421943e-06
8.73251472436484e-06
8.76367741168854e-06
8.79447592762837e-06
8.82487793258084e-06
8.85485085127276e-06
8.88436240974436e-06
8.91338121385966e-06
8.94187735705014e-06
8.96982304309137e-06
8.99719320819095e-06
9.0239661255963e-06
9.05012397536917e-06
9.07565336195791e-06
9.10054576275088e-06
9.12479789191691e-06
9.14841196551558e-06
9.17139585605513e-06
9.19376312733438e-06
9.21553294345567e-06
9.2367298492507e-06
9.25738342292037e-06
9.2775278053427e-06
9.29720111413342e-06
9.3164447540331e-06
9.33530263842473e-06
9.35382033964613e-06
9.37204418815073e-06
9.39002034240013e-06
9.40779385257389e-06
9.42540774170505e-06
9.44290212766751e-06
9.46031340855043e-06
9.47767353237566e-06
9.49500936989251e-06
9.5123422063872e-06
9.52968736515971e-06
9.5470539716541e-06
9.5644448632973e-06
9.58185664603403e-06
9.59927989447325e-06
9.6166994886157e-06
9.63409507643903e-06
9.65144164829165e-06
9.66871020619192e-06
9.68586850882816e-06
9.7028818713717e-06
9.71971399819049e-06
9.73632782620089e-06
9.75268635691553e-06
9.7687534562038e-06
9.78449460233027e-06
9.79987756490423e-06
9.81487299987658e-06
9.82945494856211e-06
9.84360123174099e-06
9.85729373309574e-06
9.87051856946162e-06
9.88326614850687e-06
9.89553111741968e-06
9.90731220887872e-06
9.91861199295338e-06
9.92943654556479e-06
9.93979504570262e-06
9.94969931471367e-06
9.95916331165393e-06
9.96820259893662e-06
9.97683379234034e-06
9.98507400890125e-06
9.99294032534769e-06
1.00004492585984e-05
1.00076162784948e-05
1.00144553614342e-05
1.00209785919696e-05
1.00271958178102e-05
1.00331143620302e-05
1.00387387947384e-05
1.0044070765002e-05
1.0049108892495e-05
1.00538487171783e-05
1.00582827043332e-05
1.00624003014714e-05
1.00661880430347e-05
1.0069629698379e-05
1.0072706458296e-05
1.00753971552486e-05
1.00776785125726e-05
1.00795254180938e-05
1.00809112179168e-05
1.00818080265225e-05
1.00821870497435e-05
1.00820189176416e-05
1.00812740247577e-05
1.0079922875623e-05
1.00779364337683e-05
1.00752864727429e-05
1.00719459278172e-05
1.00678892470856e-05
1.00630927406015e-05
1.00575349259479e-05
1.00511968682883e-05
1.00440625124587e-05
1.00361190040702e-05
1.00273569959181e-05
1.00177709352743e-05
1.00073593269094e-05
9.99612496600204e-06
9.98407513448436e-06
9.97122175390892e-06
9.95758148763856e-06
9.94317578511732e-06
9.9280308612099e-06
9.91217760413575e-06
9.89565140639266e-06
9.87849191427233e-06
9.86074269310967e-06
9.8424508072576e-06
9.82366631590083e-06
9.80444168816008e-06
9.78483114342539e-06
9.76488992540912e-06
9.74467352093589e-06
9.72423683688861e-06
9.703633350905e-06
9.68291425327013e-06
9.66212759888123e-06
9.64131748909166e-06
9.62052330360148e-06
9.59977900230517e-06
9.57911251610447e-06
9.55854524414421e-06
9.53809167275213e-06
9.51775912860962e-06
9.49754767541942e-06
9.47745015966498e-06
9.45745240708633e-06
9.43753356735932e-06
9.41766660029632e-06
9.39781889283155e-06
9.3779529922544e-06
9.35802743774517e-06
9.3379976693726e-06
9.31781699143541e-06
9.2974375654553e-06
9.27681140731227e-06
9.25589136298655e-06
9.23463203813364e-06
9.21299065824385e-06
9.19092783836869e-06
9.16840824425383e-06
9.14540113009965e-06
9.1218807419577e-06
9.0978265798317e-06
9.07322351574875e-06
9.04806176925898e-06
9.02233674587497e-06
8.99604874774836e-06
8.96920256928641e-06
8.94180699333853e-06
8.9138742059547e-06
8.885419149478e-06
8.85645883484894e-06
8.8270116344585e-06
8.79709657670126e-06
8.76673266257902e-06
8.73593822333902e-06
8.70473033626177e-06
8.67312431341773e-06
8.64113327557454e-06
8.60876782054697e-06
8.57603579223379e-06
8.54294215347107e-06
8.5094889627403e-06
8.47567545178626e-06
8.44149819840085e-06
8.40695138608422e-06
8.37202714006223e-06
8.33671592726858e-06
8.30100700642741e-06
8.26488891332598e-06
8.22834996576046e-06
8.19137877247631e-06
8.15396473070112e-06
8.11609849756508e-06
8.07777242179479e-06
8.03898092351539e-06
7.99972081175658e-06
7.95999153128064e-06
7.91979533257344e-06
7.87913736120042e-06
7.83802566515992e-06
7.79647112129582e-06
7.75448728419033e-06
7.71209016317674e-06
7.66929793512612e-06
7.62613060241186e-06
7.58260960689019e-06
7.53875741181103e-06
7.49459706426169e-06
7.45015175102689e-06
7.40544436061914e-06
7.36049706370089e-06
7.31533092320923e-06
7.2699655442394e-06
7.22441877219422e-06
7.17870644592022e-06
7.13284221059451e-06
7.08683739306969e-06
7.04070094030372e-06
6.99443941946941e-06
6.94805707642661e-06
6.9015559475139e-06
6.85493601813127e-06
6.80819542038862e-06
6.76133066121867e-06
6.71433687181945e-06
6.66720806910602e-06
6.61993742000778e-06
6.57251749992601e-06
6.52494053743465e-06
6.47719863832458e-06
6.42928398330761e-06
6.38118899505651e-06
6.33290647170321e-06
6.2844296853893e-06
6.23575244590562e-06
6.18686913081534e-06
6.13777468468271e-06
6.08846459108589e-06
6.03893482194582e-06
5.9891817693329e-06
5.93920216530511e-06
5.88899299548385e-06
5.83855141199235e-06
5.78787465108068e-06
5.73695996026348e-06
5.68580453912908e-06
5.63440549717403e-06
5.58275983111271e-06
5.53086442314359e-06
5.47871606066206e-06
5.4263114769314e-06
5.37364741129435e-06
5.32072068665992e-06
5.26752830126344e-06
5.21406753109419e-06
5.16033603893477e-06
5.10633198567082e-06
5.05205413941605e-06
4.99750197805651e-06
4.94267578104394e-06
4.88757670664959e-06
4.83220685141164e-06
4.77656928914928e-06
4.72066808764993e-06
4.6645083019358e-06
4.60809594385021e-06
4.55143792854315e-06
4.49454199924742e-06
4.43741663249103e-06
4.38007092656136e-06
4.32251447659658e-06
4.26475724010985e-06
4.20680939703687e-06
4.14868120852741e-06
4.09038287867293e-06
4.03192442317868e-06
3.97331554865728e-06
3.91456554575779e-06
3.85568319876865e-06
3.79667671366932e-06
3.73755366588187e-06
3.67832096821982e-06
3.6189848587787e-06
3.55955090779116e-06
3.5000240418085e-06
3.4404085829959e-06
3.38070830086192e-06
3.32092647340226e-06
3.26106595443243e-06
3.20112924382108e-06
3.14111855741223e-06
3.08103589363432e-06
3.02088309412236e-06
2.96066189611013e-06
2.90037397485746e-06
2.84002097494038e-06
2.77960452982023e-06
2.71912626969533e-06
2.65858781819847e-06
2.5979907790107e-06
2.53733671389605e-06
2.47662711400493e-06
2.41586336653533e-06
2.35504671897213e-06
2.29417824314666e-06
2.23325880127342e-06
2.17228901593906e-06
2.11126924575391e-06
2.05019956804419e-06
1.98907976958542e-06
1.92790934597268e-06
1.86668750981495e-06
1.80541320754636e-06
1.74408514428729e-06
1.68270181587637e-06
1.62126154694311e-06
1.55976253370811e-06
1.49820289008602e-06
1.43658069562632e-06
1.3748940438528e-06
1.31314108964738e-06
1.25132009445665e-06
1.18942946826789e-06
1.12746780749262e-06
1.06543392809563e-06
1.00332689350551e-06
9.41146037025714e-07
8.78890978627818e-07
8.16561636142332e-07
7.54158230966855e-07
6.91681288485239e-07
6.29131633438458e-07
5.66510380513078e-07
5.03818920423533e-07
4.41058901767858e-07
3.78232208941503e-07
3.15340936407724e-07
2.52387359653036e-07
1.89373903206467e-07
1.26303106174783e-07
6.31775858422429e-08
1.23187551252289e-21
-6.3226991198221e-08
-1.2650076291876e-07
-1.89818761797028e-07
-2.53178539357125e-07
-3.16577781406633e-07
-3.80014332046451e-07
-4.43486210915867e-07
-5.06991622326722e-07
-5.70528955033512e-07
-6.34096771541735e-07
-6.97693786075015e-07
-7.61318830598914e-07
-8.24970808629811e-07
-8.88648636930982e-07
-9.52351175603024e-07
-1.01607714749764e-06
-1.07982504830686e-06
-1.14359304908731e-06
-1.20737889335504e-06
-1.27117979121444e-06
-1.33499231325131e-06
-1.39881228711291e-06
-1.46263469980783e-06
-1.52645360877927e-06
-1.59026206473501e-06
-1.65405204905574e-06
-1.71781442835566e-06
-1.78153892844234e-06
-1.84521412952705e-06
-1.90882748408445e-06
-1.97236535826624e-06
-2.03581309725173e-06
-2.09915511438498e-06
-2.1623750034186e-06
-2.22545567267144e-06
-2.28837949942561e-06
-2.35112850244607e-06
-2.41368453011336e-06
-2.47602946132225e-06
-2.53814541601962e-06
-2.60001497203573e-06
-2.66162138470351e-06
-2.7229488056588e-06
-2.78398249716785e-06
-2.84470903833421e-06
-2.905116519591e-06
-2.9651947219858e-06
-3.02493527791047e-06
-3.08433181011808e-06
-3.14338004610336e-06
-3.20207790520415e-06
-3.260425556111e-06
-3.31842544285328e-06
-3.37608227776548e-06
-3.43340300042765e-06
-3.49039670211922e-06
-3.54707451592258e-06
-3.60344947325624e-06
-3.65953632829729e-06
-3.71535135245638e-06
-3.77091210177889e-06
-3.8262371608423e-06
-3.88134586737959e-06
-3.93625802245647e-06
-3.99099359154022e-06
-4.04557240219489e-06
-4.10001384439849e-06
-4.15433657958177e-06
-4.20855826442209e-06
-4.26269529517935e-06
-4.31676257793396e-06
-4.37077332948467e-06
-4.42473891290269e-06
-4.47866871083852e-06
-4.53257003867049e-06
-4.58644809850327e-06
-4.64030597391132e-06
-4.69414466421862e-06
-4.74796315605409e-06
-4.80175852896427e-06
-4.85552609103695e-06
-4.90925953982308e-06
-4.96295114336374e-06
-5.01659193584727e-06
-5.07017192234615e-06
-5.12368028720727e-06
-5.17710560097993e-06
-5.23043602124011e-06
-5.28365948327742e-06
-5.33676387731806e-06
-5.38973720972367e-06
-5.44256774639406e-06
-5.49524413737239e-06
-5.54775552236972e-06
-5.6000916175631e-06
-5.65224278455328e-06
-5.70420008278061e-06
-5.75595530698235e-06
-5.80750101143265e-06
-5.85883052274616e-06
-5.90993794296113e-06
-5.96081814446856e-06
-6.01146675814235e-06
-6.06188015577647e-06
-6.11205542767254e-06
-6.16199035596771e-06
-6.2116833840672e-06
-6.261133582363e-06
-6.31034061029018e-06
-6.35930467469878e-06
-6.40802648450271e-06
-6.45650720160076e-06
-6.5047483881411e-06
-6.55275195030619e-06
-6.60052007891769e-06
-6.64805518728634e-06
-6.69535984684707e-06
-6.74243672121513e-06
-6.78928849936531e-06
-6.83591782867001e-06
-6.88232724853112e-06
-6.92851912530849e-06
-6.9744955891883e-06
-7.02025847355763e-06
-7.06580925736418e-06
-7.11114901085412e-06
-7.15627834500541e-06
-7.20119736491676e-06
-7.2459056273807e-06
-7.29040210286612e-06
-7.33468514216169e-06
-7.37875244798444e-06
-7.42260105193104e-06
-7.4662272972351e-06
-7.50962682788122e-06
-7.55279458470332e-06
-7.59572480914974e-06
-7.63841105541741e-06
-7.68084621163347e-06
-7.72302253068607e-06
-7.76493167117262e-06
-7.80656474874179e-06
-7.84791239785891e-06
-7.88896484372831e-06
-7.92971198377254e-06
-7.97014347771014e-06
-8.01024884490704e-06
-8.05001756732015e-06
-8.08943919602323e-06
-8.12850345902389e-06
-8.1672003678621e-06
-8.20552032034058e-06
-8.24345419668624e-06
-8.2809934464863e-06
-8.31813016388645e-06
-8.35485714877815e-06
-8.39116795203228e-06
-8.4270569032453e-06
-8.46251911993737e-06
-8.49755049766239e-06
-8.5321476810372e-06
-8.56630801625163e-06
-8.60002948616172e-06
-8.63331062957615e-06
-8.66615044680308e-06
-8.69854829391765e-06
-8.73050376852685e-06
-8.76201659004212e-06
-8.79308647761668e-06
-8.82371302896373e-06
-8.85389560324778e-06
-8.88363321113823e-06
-8.91292441494221e-06
-8.94176724149937e-06
-8.97015911023614e-06
-8.99809677844986e-06
-9.02557630553297e-06
-9.05259303746217e-06
-9.0791416124745e-06
-9.10521598843592e-06
-9.13080949198426e-06
-9.15591488910034e-06
-9.18052447633256e-06
-9.20463019147607e-06
-9.22822374209109e-06
-9.25129674984364e-06
-9.27384090827194e-06
-9.29584815123168e-06
-9.31731082896459e-06
-9.33822188847597e-06
-9.35857505471124e-06
-9.37836500889913e-06
-9.39758756038908e-06
-9.41623980836171e-06
-9.43432028993716e-06
-9.45182911144898e-06
-9.46876805998731e-06
-9.48514069273785e-06
-9.50095240214007e-06
-9.51621045544434e-06
-9.5309240078438e-06
-9.54510408897113e-06
-9.5587635631608e-06
-9.57191706445948e-06
-9.58458090790108e-06
-9.59677297902711e-06
-9.60851260401349e-06
-9.61982040304867e-06
-9.63071812979031e-06
-9.64122849980631e-06
-9.65137501088563e-06
-9.66118175799504e-06
-9.67067324547075e-06
-9.67987419878795e-06
-9.68880937796243e-06
-9.69750339432752e-06
-9.70598053211376e-06
-9.71426457595545e-06
-9.72237864517179e-06
-9.73034503543014e-06
-9.73818506820412e-06
-9.74591894829014e-06
-9.75356562954446e-06
-9.76114268894266e-06
-9.76866620903963e-06
-9.77615066891177e-06
-9.78360884368484e-06
-9.79105171278277e-06
-9.79848837706537e-06
-9.80592598505165e-06
-9.81336966844393e-06
-9.82082248717677e-06
-9.82828538421145e-06
-9.83575715028623e-06
-9.84323439881686e-06
-9.85071155112678e-06
-9.85818083217659e-06
-9.86563227696251e-06
-9.87305374776638e-06
-9.880430962468e-06
-9.88774753417201e-06
-9.89498502245479e-06
-9.90212299659591e-06
-9.90913911121674e-06
-9.91600919479792e-06
-9.92270735157802e-06
-9.92920607733873e-06
-9.93547638955036e-06
-9.94148797227729e-06
-9.94720933612378e-06
-9.95260799333428e-06
-9.95765064795131e-06
-9.96230340068324e-06
-9.96653196785211e-06
-9.97030191348773e-06
-9.9735788933219e-06
-9.97632890912714e-06
-9.9785185715514e-06
-9.98011536933476e-06
-9.98108794256539e-06
-9.98140635744663e-06
-9.98104237990766e-06
-9.97996974529694e-06
-9.97816442134601e-06
-9.97560486157412e-06
-9.97227224631353e-06
-9.96815070855901e-06
-9.96322754187364e-06
-9.95749338760691e-06
-9.95094239869288e-06
-9.94357237729308e-06
-9.93538488353163e-06
-9.92638531254516e-06
-9.91658293704918e-06
-9.90599091262142e-06
-9.89462624294322e-06
-9.8825097023449e-06
-9.86966571319629e-06
-9.85612217599365e-06
-9.84191025044191e-06
-9.82706408643353e-06
-9.81162050459382e-06
-9.79561862699961e-06
-9.77909945977609e-06
-9.76210543051681e-06
-9.74467988482594e-06
-9.72686654770722e-06
-9.70870895697384e-06
-9.69024987726643e-06
-9.67153070458216e-06
-9.65259087236775e-06
-9.63346727115016e-06
-9.61419369430718e-06
-9.59480032286408e-06
-9.57531326209797e-06
-9.55575414220935e-06
-9.53613979436782e-06
-9.51648201205961e-06
-9.49678740588205e-06
-9.47705735778507e-06
-9.4572880783108e-06
-9.43747076770357e-06
-9.41759187894058e-06
-9.39763347786422e-06
-9.37757369278263e-06
-9.35738724324781e-06
-9.33704603532065e-06
-9.31651980858181e-06
-9.2957768185269e-06
-9.27478453686047e-06
-9.25351035162272e-06
-9.23192224907368e-06
-9.20998945982812e-06
-9.18768305286449e-06
-9.16497646268627e-06
-9.14184593703721e-06
-9.11827089508873e-06
-9.09423418883985e-06
-9.0697222634973e-06
-9.04472521572987e-06
-9.01923675180705e-06
-8.99325405063009e-06
-8.96677753944234e-06
-8.93981059247248e-06
-8.91235916484057e-06
-8.8844313756786e-06
-8.85603705554011e-06
-8.82718727377032e-06
-8.79789386157325e-06
-8.76816894605798e-06
-8.73802450960448e-06
-8.70747198750741e-06
-8.67652191509647e-06
-8.64518363346787e-06
-8.61346506067389e-06
-8.58137253279407e-06
-8.54891071683769e-06
-8.51608259499065e-06
-8.48288951739896e-06
-8.44933131854921e-06
-8.41540649042539e-06
-8.3811124040421e-06
-8.3464455697132e-06
-8.31140192553626e-06
-8.27597714306817e-06
-8.24016693903062e-06
-8.20396738210501e-06
-8.16737518442529e-06
-8.13038796822463e-06
-8.09300449919312e-06
-8.0552248794152e-06
-8.01705069422792e-06
-7.97848510892312e-06
-7.93953291285944e-06
-7.90020051020492e-06
-7.86049585815289e-06
-7.82042835500016e-06
-7.78000868191267e-06
-7.73924860349375e-06
-7.69816073339016e-06
-7.65675827209669e-06
-7.61505472483465e-06
-7.5730636078718e-06
-7.53079815191217e-06
-7.48827101121353e-06
-7.44549398688795e-06
-7.40247777241615e-06
-7.35923172876906e-06
-7.31576369569775e-06
-7.27207984474563e-06
-7.22818457837999e-06
-7.18408047836305e-06
-7.13976830511739e-06
-7.09524704842399e-06
-7.05051402836006e-06
-7.00556504397744e-06
-6.96039456588115e-06
-6.91499596762754e-06
-6.86936178976125e-06
-6.82348402937903e-06
-6.77735444737685e-06
-6.73096488502342e-06
-6.68430758122592e-06
-6.63737548181767e-06
-6.59016253240389e-06
-6.54266394674269e-06
-6.49487644329799e-06
-6.44679844345853e-06
-6.39843022594366e-06
-6.34977403308036e-06
-6.30083412590077e-06
-6.25161678633805e-06
-6.20213026615109e-06
-6.15238468354966e-06
-6.102391869784e-06
-6.05216516917534e-06
-6.00171919716774e-06
-5.95106956195429e-06
-5.90023255605285e-06
-5.84922482486546e-06
-5.79806301974363e-06
-5.74676344339415e-06
-5.69534169559884e-06
-5.64381232719074e-06
-5.59218851003461e-06
-5.54048173041333e-06
-5.48870151273148e-06
-5.436855179829e-06
-5.38494765546159e-06
-5.33298131366558e-06
-5.2809558787974e-06
-5.22886837903519e-06
-5.17671315506868e-06
-5.12448192459845e-06
-5.07216390213372e-06
-5.01974597243743e-06
-4.96721291483685e-06
-4.91454767451851e-06
-4.8617316758784e-06
-4.80874517202616e-06
-4.75556762366631e-06
-4.70217809982576e-06
-4.64855569228477e-06
-4.5946799351214e-06
-4.54053122051311e-06
-4.48609120187055e-06
-4.43134317551734e-06
-4.37627243248136e-06
-4.3208665725285e-06
-4.26511577334128e-06
-4.20901300871055e-06
-4.15255421074728e-06
-4.09573837240913e-06
-4.03856758803918e-06
-3.98104703109594e-06
-3.92318486977371e-06
-3.86499212272543e-06
-3.80648245856372e-06
-3.7476719441832e-06
-3.68857874817808e-06
-3.62922280668382e-06
-3.56962545981831e-06
-3.5098090675095e-06
-3.4497966138552e-06
-3.389611309257e-06
-3.32927619940351e-06
-3.26881378975807e-06
-3.20824569354987e-06
-3.14759231040208e-06
-3.08687254168955e-06
-3.02610354754061e-06
-2.96530054912687e-06
-2.90447667856613e-06
-2.84364287744415e-06
-2.78280784368367e-06
-2.72197802529649e-06
-2.66115765848077e-06
-2.60034884660189e-06
-2.53955167584193e-06
-2.47876436273383e-06
-2.4179834284182e-06
-2.35720389426743e-06
-2.29641949350655e-06
-2.2356228936011e-06
-2.17480592446027e-06
-2.11395980788794e-06
-2.05307538417841e-06
-1.99214333226472e-06
-1.9311543803577e-06
-1.87009950453633e-06
-1.8089701132389e-06
-1.74775821604578e-06
-1.68645657552009e-06
-1.6250588411802e-06
-1.56355966491253e-06
-1.50195479730226e-06
-1.44024116447075e-06
-1.37841692507567e-06
-1.31648150717119e-06
-1.25443562465561e-06
-1.19228127307551e-06
-1.13002170462156e-06
-1.0676613822606e-06
-1.00520591311045e-06
-9.42661961387137e-07
-8.80037141541138e-07
-8.17339892547158e-07
-7.54579334714374e-07
-6.91765110827237e-07
-6.28907213896358e-07
-5.66015804272785e-07
-5.03101019337226e-07
-4.40172779393327e-07
-3.77240593749031e-07
-3.14313371240506e-07
-2.51399239618723e-07
-1.88505378265731e-07
-1.25637868622533e-07
-6.28015664894413e-08
