0
3.14087156292254e-08
6.28100129617345e-08
9.42081762816131e-08
1.25607565011141e-07
1.57012504131891e-07
1.88427152726433e-07
2.19855362179644e-07
2.5130053808906e-07
2.82765520391809e-07
3.14252494564793e-07
3.45762943235344e-07
3.77297642649617e-07
4.08856702868993e-07
4.40439645074226e-07
4.72045504712487e-07
5.03672946069219e-07
5.35320372632782e-07
5.66986018539244e-07
5.98668009352932e-07
6.30364385103383e-07
6.62073084283297e-07
6.93791893681633e-07
7.25518374679102e-07
7.57249781196254e-07
7.88982987205263e-07
8.20714442147448e-07
8.52440170556013e-07
8.84155827780951e-07
9.15856817360792e-07
9.47538467956565e-07
9.79196259726e-07
1.01082608254178e-06
1.04242450250899e-06
1.07398900964877e-06
1.10551821898362e-06
1.13701199985398e-06
1.16847151400095e-06
1.19989915126033e-06
1.23129836177128e-06
1.26267339429042e-06
1.29402896026918e-06
1.32536985157563e-06
1.35670054508455e-06
1.38802482911394e-06
1.41934548458242e-06
1.45066404801019e-06
1.48198067476544e-06
1.51329411032614e-06
1.54460176608709e-06
1.57589988576323e-06
1.60718377997392e-06
1.63844810110342e-06
1.66968712857001e-06
1.70089503627038e-06
1.73206611879201e-06
1.76319496019776e-06
1.79427653770472e-06
1.82530626121418e-06
1.85627995727899e-06
1.88719381181084e-06
1.91804428906173e-06
1.94882804497804e-06
1.97954185112597e-06
2.0101825415533e-06
2.04074698993192e-06
2.07123211895556e-06
2.10163493904069e-06
2.13195260953194e-06
2.16218251324846e-06
2.19232233445896e-06
2.22237013112221e-06
2.25232439415797e-06
2.28218408918074e-06
2.31194867906418e-06
2.34161812848567e-06
2.37119289391653e-06
2.40067390420385e-06
2.43006253789954e-06
2.45936060390847e-06
2.48857033198124e-06
2.51769437920809e-06
2.54673585807186e-06
2.57569839081289e-06
2.60458619379305e-06
2.6334041941066e-06
2.66215817874515e-06
2.69085497408457e-06
2.71950265030964e-06
2.74811074173021e-06
2.77669047000699e-06
2.80525495345231e-06
2.83381938224612e-06
2.86240113708405e-06
2.89101982789512e-06
2.9196972301782e-06
2.94845709940786e-06
2.97732484887185e-06
3.00632708305578e-06
3.03549098694163e-06
3.06484358084528e-06
3.09441086009373e-06
3.12421684828783e-06
3.15428260145334e-06
3.18462520742661e-06
3.2152568297859e-06
3.24618384805488e-06
3.27740614541316e-06
3.30891659153671e-06
3.3407007614064e-06
3.37273692110793e-06
3.40499629914975e-06
3.43744364721982e-06
3.47003807837218e-06
3.50273415435338e-06
3.53548317825185e-06
3.56823463504226e-06
3.60093771201769e-06
3.63354282452426e-06
3.6660030705458e-06
3.69827554089737e-06
3.73032242003809e-06
3.7621118253446e-06
3.793618349234e-06
3.82482328759518e-06
3.85571455815592e-06
3.88628633215504e-06
3.91653842051509e-06
3.94647547030011e-06
3.97610603755093e-06
4.00544160793099e-06
4.03449563670049e-06
4.06328267448405e-06
4.09181763559561e-06
4.12011525214403e-06
4.14818974081654e-06
4.17605469133963e-06
4.20372316743979e-06
4.23120799395917e-06
4.25852218882998e-06
4.28567948693614e-06
4.31269489533249e-06
4.33958521642303e-06
4.36636947776696e-06
4.39306921407648e-06
4.41970855820898e-06
4.44631411269292e-06
4.47291459039536e-06
4.4995402309366e-06
4.52622201685606e-06
4.5529907288223e-06
4.57987589102151e-06
4.60690466523598e-06
4.63410075446642e-06
4.66148337421749e-06
4.68906634225852e-06
4.71685732679647e-06
4.74485727994984e-06
4.77306006980335e-06
4.80145231178333e-06
4.83001339005733e-06
4.85871565317431e-06
4.88752476573776e-06
4.91640019944908e-06
4.9452958516757e-06
4.97416078657856e-06
5.00294010121308e-06
5.03157592519473e-06
5.06000856588661e-06
5.08817781033971e-06
5.11602438962731e-06
5.14349160063891e-06
5.17052706540141e-06
5.19708458980009e-06
5.22312606394437e-06
5.24862332749129e-06
5.27355990726961e-06
5.29793252370435e-06
5.32175225865533e-06
5.34504528164517e-06
5.36785304466815e-06
5.39023187766459e-06
5.41225194634618e-06
5.4339955696417e-06
5.45555493324214e-06
5.47702927573298e-06
5.49852166152503e-06
5.52013548714022e-06
5.54197089151829e-06
5.56412125452402e-06
5.58666996910757e-06
5.60968766086095e-06
5.63323000429972e-06
5.65733624942252e-06
5.68202852731419e-06
5.70731195298553e-06
5.73317549114051e-06
5.75959350031259e-06
5.78652782695972e-06
5.81393028737691e-06
5.84174535461282e-06
5.86991286180811e-06
5.89837054304171e-06
5.92705625700945e-06
5.95590977544026e-06
5.98487406368288e-06
6.01389603111386e-06
6.04292677922571e-06
6.07192142077038e-06
6.10083857996892e-06
6.12963970828008e-06
6.15828836051601e-06
6.18674957160622e-06
6.21498945591274e-06
6.24297512090808e-06
6.2706749485374e-06
6.29805925469103e-06
6.32510129417027e-06
6.35177853940741e-06
6.37807412948347e-06
6.40397836425924e-06
6.42949010818927e-06
6.45461796997432e-06
6.47938113689865e-06
6.50380976487634e-06
6.52794485463591e-06
6.55183757849151e-06
6.5755480580884e-06
6.59914362883663e-06
6.62269665924862e-06
6.64628202128876e-06
6.66997432978613e-06
6.69384508403877e-06
6.71795985239806e-06
6.7423756406202e-06
6.76713857712813e-06
6.79228203331572e-06
6.81782527520292e-06
6.84377271499854e-06
6.87011379871569e-06
6.89682353060247e-06
6.92386359888995e-06
6.95118403264486e-06
6.97872528893543e-06
7.00642064560943e-06
7.03419875993743e-06
7.06198624875369e-06
7.0897101522019e-06
7.11730016035712e-06
7.14469050830866e-06
7.17182147816353e-06
7.19864048247407e-06
7.22510273898085e-06
7.25117157750053e-06
7.27681844300648e-06
7.30202267214069e-06
7.32677112254785e-06
7.35105772597292e-06
7.37488301885635e-06
7.39825368119332e-06
7.42118208943031e-06
7.44368586609175e-06
7.46578739124647e-06
7.48751323155498e-06
7.50889344296202e-06
7.52996071315761e-06
7.55074932835591e-06
7.57129397318026e-06
7.59162839914111e-06
7.6117840226879e-06
7.63178853463828e-06
7.65166461612103e-06
7.67142886017825e-06
7.69109099218053e-06
7.71065346670272e-06
7.73011149498661e-06
7.74945352783065e-06
7.76866218637094e-06
7.78771560052588e-06
7.80658908445457e-06
7.8252570524185e-06
7.8436950586228e-06
7.86188183209833e-06
7.87980117312109e-06
7.89744358127994e-06
7.91480749697113e-06
7.93190005739178e-06
7.94873729430538e-06
7.96534373292928e-06
7.98175138785444e-06
7.99799819115906e-06
8.01412592761591e-06
8.03017778955145e-06
8.04619569668751e-06
8.06221755133336e-06
8.07827461397198e-06
8.09438918648636e-06
8.11057277869713e-06
8.12682490828316e-06
8.14313264549009e-06
8.15947096450849e-06
8.17580390638231e-06
8.19208649807321e-06
8.20826731371718e-06
8.22429151217944e-06
8.24010414444365e-06
8.25565349909873e-06
8.27089424698463e-06
8.28579015823558e-06
8.30031619617763e-06
8.31445984077449e-06
8.32822155597265e-06
8.34161438544241e-06
8.35466273395508e-06
8.36740046059814e-06
8.37986846887749e-06
8.39211202178038e-06
8.40417803254219e-06
8.41611258131989e-06
8.42795888343126e-06
8.43975588776001e-06
8.45153761814734e-06
8.46333329196988e-06
8.47516816616447e-06
8.48706498018567e-06
8.49904579638528e-06
8.51113398889117e-06
8.52335610831842e-06
8.53574335513402e-06
8.54833242970528e-06
8.56116558917013e-06
8.57428982430246e-06
8.58775516492701e-06
8.60161221988418e-06
8.6159091462252e-06
8.6306883121324e-06
8.6459829608688e-06
8.66181419371666e-06
8.678188566875e-06
8.69509654304583e-06
8.71251195895773e-06
8.73039257424776e-06
8.74868166563568e-06
8.76731053433283e-06
8.78620171440049e-06
8.80527261346626e-06
8.82443928994879e-06
8.84362007432406e-06
8.86273877401272e-06
8.88172725705161e-06
8.90052728135085e-06
8.91909151524329e-06
8.93738377224757e-06
8.95537855044315e-06
8.97306001833259e-06
8.99042062064494e-06
9.00745948790384e-06
9.02418082391556e-06
9.04059241886999e-06
9.05670439720263e-06
9.07252826421462e-06
9.08807626922201e-06
9.1033610606886e-06
9.11839557436147e-06
9.13319307157005e-06
9.14776723289232e-06
9.16213221236869e-06
9.17630256827854e-06
9.19029300627158e-06
9.2041178968893e-06
9.21779055946393e-06
9.23132233523931e-06
9.24472150165898e-06
9.25799210473854e-06
9.27113280529458e-06
9.28413584601721e-06
9.29698624893954e-06
9.3096613463259e-06
9.32213073251692e-06
9.33435670059078e-06
9.34629519719386e-06
9.35789729350278e-06
9.36911113243969e-06
9.37988427477646e-06
9.39016633261422e-06
9.3999117508499e-06
9.4090825782695e-06
9.41765106189257e-06
9.42560190236161e-06
9.43293402473839e-06
9.43966174712997e-06
9.44581526710167e-06
9.45144042984618e-06
9.45659778885121e-06
9.46136101526877e-06
9.46581475233418e-06
9.47005204252535e-06
9.47417147511889e-06
9.4782742090373e-06
9.48246102041105e-06
9.48682950748633e-06
9.49147155995064e-06
9.49647116881613e-06
9.50190262047683e-06
9.50782908812152e-06
9.51430160845923e-06
9.52135841388317e-06
9.52902458077593e-06
9.53731195342404e-06
9.54621930861323e-06
9.55573273618929e-06
9.56582622294774e-06
9.57646243830245e-06
9.58759372772147e-06
9.59916332198541e-06
9.61110676588725e-06
9.62335355902726e-06
9.63582898484038e-06
9.64845608378246e-06
9.66115770520348e-06
9.67385855271394e-06
9.68648712269284e-06
9.69897742756405e-06
9.7112703965314e-06
9.72331485768151e-06
9.73506802676155e-06
9.74649545842245e-06
9.75757045312424e-06
9.76827295416251e-06
9.77858801069943e-06
9.78850392031166e-06
9.79801019459943e-06
9.80709551061838e-06
9.81574581704423e-06
9.82394275606266e-06
9.83166254039788e-06
9.83887539144938e-06
9.84554560219981e-06
9.85163224126264e-06
9.85709046646096e-06
9.8618733719111e-06
9.86593425543152e-06
9.86922916598776e-06
9.87171957541152e-06
9.87337501512217e-06
9.87417552616799e-06
9.87411378777952e-06
9.87319681335859e-06
9.87144713075888e-06
9.86890339332516e-06
9.8656203973518e-06
9.86166850889622e-06
9.85713252736645e-06
9.85211003466677e-06
9.84670929695549e-06
9.84104680139796e-06
9.83524452274673e-06
9.82942702395883e-06
9.82371850087787e-06
9.81823988253141e-06
9.813106095019e-06
9.80842358766203e-06
9.80428820485627e-06
9.80078346637459e-06
9.79797929394934e-06
9.79593119482406e-06
9.79467988618081e-06
9.79425132076227e-06
9.79465705628546e-06
9.79589490143812e-06
9.79794977038831e-06
9.80079468556504e-06
9.804391883369e-06
9.80869399664081e-06
9.81364530752951e-06
9.81918308099312e-06
9.82523899903714e-06
9.83174071647757e-06
9.83861354952188e-06
9.84578228957498e-06
9.85317310891664e-06
9.86071549619718e-06
9.86834413283095e-06
9.87600060119323e-06
9.88363480620084e-06
9.89120599612065e-06
9.89868328713559e-06
9.90604562802854e-06
9.91328118308021e-06
9.92038615817222e-06
9.92736314159459e-06
9.93421907166077e-06
9.94096297326288e-06
9.94760362179861e-06
9.95414729424315e-06
9.96059575431617e-06
9.96694459429168e-06
9.9731820238854e-06
9.97928816130259e-06
9.98523484726855e-06
9.99098597321445e-06
9.99649829197173e-06
1.00017226640194e-05
1.00066056837197e-05
1.00110916260721e-05
1.00151246526257e-05
1.00186512125522e-05
1.00216225692334e-05
1.0023997372805e-05
1.0025744184994e-05
1.0026843845722e-05
1.00272915540381e-05
1.00270985225147e-05
1.00262930582035e-05
1.00249209282197e-05
1.00230448867643e-05
1.00207432742946e-05
1.00181076482533e-05
1.00152394660063e-05
1.00122459103471e-05
1.00092350204705e-05
1.00063103600649e-05
1.0003565512083e-05
1.00010787301998e-05
9.9989080944307e-06
9.99708750922844e-06
9.9956238453054e-06
9.99449546288539e-06
9.99365226821688e-06
9.99301735359841e-06
9.99249016236049e-06
9.99195101375334e-06
9.99126672808838e-06
9.9902970183515e-06
9.98890126744108e-06
9.98694529402108e-06
9.98430772534256e-06
9.98088563961563e-06
9.9765992080032e-06
9.97139514922515e-06
9.96524889903979e-06
9.95816548335689e-06
9.95017915933081e-06
9.94135194740003e-06
9.93177121547367e-06
9.92154649385959e-06
9.9108056984097e-06
9.89969092429557e-06
9.88835394977981e-06
9.87695156465721e-06
9.86564081741407e-06
9.85457426280116e-06
9.8438952895546e-06
9.83373361620625e-06
9.82420105887959e-06
9.81538769450616e-06
9.80735856084821e-06
9.80015104574291e-06
9.79377311746237e-06
9.78820253282007e-06
9.78338712840748e-06
9.77924625405134e-06
9.7756733492798e-06
9.77253959804637e-06
9.7696985301153e-06
9.76699137572407e-06
9.76425292945237e-06
9.76131764466128e-06
9.75802566485596e-06
9.75422850435442e-06
9.74979411711934e-06
9.74461113695708e-06
9.73859213028063e-06
9.73167576887027e-06
9.72382789857465e-06
9.71504154475868e-06
9.70533595127428e-06
9.69475479272514e-06
9.68336372727927e-06
9.6712474684313e-06
9.65850654982413e-06
9.64525393991162e-06
9.63161163644777e-06
9.61770733878108e-06
9.60367126314121e-06
9.58963313660004e-06
9.57571938243979e-06
9.56205049538902e-06
9.54873860039108e-06
9.53588519269652e-06
9.5235790683692e-06
9.51189447009024e-06
9.50088949021708e-06
9.49060478806956e-06
9.48106268833401e-06
9.47226672992478e-06
9.46420172817993e-06
9.45683439753811e-06
9.45011455760768e-06
9.44397691457414e-06
9.43834337480536e-06
9.43312581146452e-06
9.4282291713298e-06
9.42355478115863e-06
9.41900369372921e-06
9.41447990536965e-06
9.40989328066985e-06
9.40516203644618e-06
9.40021466506657e-06
9.39499121504585e-06
9.38944389153457e-06
9.38353698736527e-06
9.37724620266122e-06
9.37055745354677e-06
9.3634653044259e-06
9.35597118050814e-06
9.34808152568574e-06
9.3398060647148e-06
9.33115630855146e-06
9.32214440965507e-06
9.31278243331396e-06
9.30308206567095e-06
9.29305473365272e-06
9.282712070899e-06
9.27206663093249e-06
9.2611327271012e-06
9.24992726985641e-06
9.2384704758734e-06
9.22678633918339e-06
9.21490277953576e-06
9.20285141455352e-06
9.19066693645886e-06
9.1783861079219e-06
9.16604642211087e-06
9.15368449723451e-06
9.14133429457157e-06
9.12902526080347e-06
9.11678050069156e-06
9.10461508547459e-06
9.09253459667447e-06
9.08053399510066e-06
9.06859689136516e-06
9.0566952775761e-06
9.04478976034956e-06
9.03283031316364e-06
9.02075754186148e-06
9.00850443161578e-06
8.99599851813494e-06
8.9831644019358e-06
8.9699265039876e-06
8.95621194579965e-06
8.94195342865418e-06
8.92709198617985e-06
8.91157949204601e-06
8.89538081957273e-06
8.87847557099082e-06
8.86085931878051e-06
8.8425443274274e-06
8.82355974852469e-06
8.80395130325542e-06
8.78378048243094e-06
8.76312330485399e-06
8.74206868016765e-06
8.72071642373465e-06
8.69917497024225e-06
8.67755883167283e-06
8.65598584590719e-06
8.63457426592918e-06
8.61343974699379e-06
8.59269229989879e-06
8.57243329143586e-06
8.55275258619314e-06
8.5337259346594e-06
8.5154127184458e-06
8.49785416209084e-06
8.48107211071123e-06
8.46506845303455e-06
8.44982524057445e-06
8.43530551753507e-06
8.42145483516442e-06
8.40820338221122e-06
8.39546862379467e-06
8.38315830826534e-06
8.37117367894292e-06
8.35941271749795e-06
8.3477732495223e-06
8.33615576042448e-06
8.32446579966041e-06
8.31261589062152e-06
8.30052690836615e-06
8.28812893328863e-06
8.27536163112833e-06
8.26217424416839e-06
8.24852530166596e-06
8.23438216735836e-06
8.21972053767255e-06
8.20452398698334e-06
8.18878362834315e-06
8.17249792315127e-06
8.15567263561203e-06
8.13832089215564e-06
8.1204632765708e-06
8.10212787192852e-06
8.08335015276538e-06
8.06417263629454e-06
8.04464421895765e-06
8.02481915234571e-06
8.00475564719668e-06
7.98451413189089e-06
7.96415522842785e-06
7.94373754033292e-06
7.92331537003877e-06
7.90293649576505e-06
7.88264013875979e-06
7.86245524123439e-06
7.84239915488175e-06
7.82247681194356e-06
7.8026804184642e-06
7.78298967597891e-06
7.76337250665778e-06
7.74378623061781e-06
7.724179124728e-06
7.70449228084407e-06
7.68466167810515e-06
7.664620387852e-06
7.64430083924717e-06
7.62363708660824e-06
7.60256703336839e-06
7.58103458006752e-06
7.55899167281843e-06
7.53640023284863e-06
7.51323394632992e-06
7.48947988697981e-06
7.46513993291183e-06
7.4402319257321e-06
7.41479050628539e-06
7.38886755038972e-06
7.36253212198645e-06
7.33586986265531e-06
7.30898174704322e-06
7.28198215419343e-06
7.25499623475384e-06
7.22815659221054e-06
7.20159934021501e-06
7.17545964447244e-06
7.14986690267751e-06
7.12493975554415e-06
7.10078115218408e-06
7.07747371063435e-06
7.05507561685202e-06
7.03361729183229e-06
7.01309902688624e-06
6.99348974313884e-06
6.97472697583893e-06
6.95671812096673e-06
6.93934291537447e-06
6.92245705700463e-06
6.90589681307387e-06
6.88948441533932e-06
6.87303400557582e-06
6.85635787293335e-06
6.8392727184281e-06
6.82160568978968e-06
6.80319995058874e-06
6.78391957861572e-06
6.76365362706158e-06
6.74231922524098e-06
6.71986364064048e-06
6.69626526858396e-06
6.67153355789594e-06
6.64570791924919e-06
6.61885569652542e-06
6.59106930999314e-06
6.56246270315889e-06
6.53316724264625e-06
6.50332723230085e-06
6.47309520880012e-06
6.4426271862559e-06
6.41207801159233e-06
6.38159698096794e-06
6.35132385054495e-06
6.32138535316211e-06
6.29189230695932e-06
6.26293737406415e-06
6.23459349864121e-06
6.20691302556651e-06
6.17992747528371e-06
6.1536479283434e-06
6.12806595565496e-06
6.10315501806184e-06
6.07887225147472e-06
6.05516055102316e-06
6.03195086876295e-06
6.00916464348206e-06
5.9867162871539e-06
5.96451565978851e-06
5.9424704722483e-06
5.9204885646924e-06
5.89848001658868e-06
5.87635905272542e-06
5.85404571844599e-06
5.83146730642675e-06
5.80855952656461e-06
5.78526741957715e-06
5.76154602319289e-06
5.73736080665549e-06
5.71268789401606e-06
5.68751409882006e-06
5.66183679206689e-06
5.63566362187089e-06
5.60901209764644e-06
5.58190904483594e-06
5.55438992944377e-06
5.52649804629724e-06
5.4982835623052e-06
5.46980240700317e-06
5.44111500785596e-06
5.41228487702559e-06
5.38337706885843e-06
5.35445654187774e-06
5.32558647383761e-06
5.29682659145115e-06
5.26823158585579e-06
5.23984968914744e-06
5.21172148537348e-06
5.18387902088276e-06
5.15634526430361e-06
5.12913394677745e-06
5.10224979010202e-06
5.07568910618154e-06
5.04944072779189e-06
5.0234872101617e-06
4.99780622689143e-06
4.97237207341633e-06
4.9471571870975e-06
4.92213359503864e-06
4.89727420829371e-06
4.87255389328439e-06
4.84795026678313e-06
4.82344417846273e-06
4.7990198635563e-06
4.77466476656117e-06
4.75036905432647e-06
4.72612485267581e-06
4.70192525452356e-06
4.67776315897866e-06
4.65363001001392e-06
4.62951450976318e-06
4.60540138523658e-06
4.58127028803364e-06
4.55709490427812e-06
4.53284234629763e-06
4.50847288836362e-06
4.4839400960331e-06
4.45919138237994e-06
4.43416900496587e-06
4.40881149532257e-06
4.38305548881838e-06
4.35683789816924e-06
4.33009834988407e-06
4.30278178116704e-06
4.27484107689167e-06
4.24623961384264e-06
4.21695357393632e-06
4.1869738906759e-06
4.15630770426389e-06
4.12497922054514e-06
4.09302989654822e-06
4.06051790938755e-06
4.02751690360962e-06
3.99411405216396e-06
3.96040750523953e-06
3.92650333641477e-06
3.89251212436553e-06
3.85854532871039e-06
3.82471162908745e-06
3.79111339670052e-06
3.75784345762463e-06
3.72498228816446e-06
3.69259575618302e-06
3.66073349065935e-06
3.62942792710348e-06
3.59869404116258e-06
3.56852974891876e-06
3.5389169218098e-06
3.5098229382021e-06
3.48120267338727e-06
3.4530008157238e-06
3.42515438900437e-06
3.39759535978793e-06
3.37025321303504e-06
3.3430573893548e-06
3.31593949177009e-06
3.28883518822778e-06
3.26168575707662e-06
3.23443924523209e-06
3.20705123147557e-06
3.17948520898496e-06
3.15171262048024e-06
3.12371259512595e-06
3.09547144761246e-06
3.0669820059968e-06
3.03824283566644e-06
3.0092574223742e-06
2.98003336830043e-06
2.95058164255347e-06
2.92091591277112e-06
2.89105196907805e-06
2.86100723718316e-06
2.83080036534326e-06
2.80045086147659e-06
2.76997875267159e-06
2.73940423998783e-06
2.70874732652788e-06
2.67802740549338e-06
2.64726280611216e-06
2.61647030743252e-06
2.58566464140807e-06
2.5548580159109e-06
2.52405969405735e-06
2.49327566768838e-06
2.46250845973189e-06
2.43175708277576e-06
2.40101717031478e-06
2.37028128403894e-06
2.33953938669108e-06
2.30877945698031e-06
2.27798821218641e-06
2.2471518965004e-06
2.21625708944269e-06
2.18529148900282e-06
2.15424462809295e-06
2.12310848973621e-06
2.0918779950997e-06
2.06055134791077e-06
2.02913022791923e-06
1.99761983405413e-06
1.96602878424938e-06
1.93436888339897e-06
1.90265477369522e-06
1.87090348309472e-06
1.83913388837551e-06
1.80736610974095e-06
1.77562085463467e-06
1.74391872961498e-06
1.71227954082293e-06
1.6807216055622e-06
1.6492610994008e-06
1.61791146450506e-06
1.58668290511077e-06
1.5555819946915e-06
1.52461141622662e-06
1.49376985194342e-06
1.4630520321859e-06
1.43244894504331e-06
1.40194819962765e-06
1.37153452710225e-06
1.34119039544835e-06
1.31089670718221e-06
1.28063354435999e-06
1.25038092262302e-06
1.22011951594379e-06
1.18983131612588e-06
1.15950019579231e-06
1.12911235019861e-06
1.09865660123155e-06
1.06812455581633e-06
1.03751062002727e-06
1.00681187885486e-06
9.76027859248385e-07
9.45160200230672e-07
9.14212258186611e-07
8.83188677612611e-07
8.52094957585078e-07
8.2093704202703e-07
7.89720957743416e-07
7.58452518522148e-07
7.27137106840695e-07
6.95779537443289e-07
6.64383999866618e-07
6.32954070487194e-07
6.01492779376997e-07
5.70002713610576e-07
5.38486136945359e-07
5.06945106099656e-07
4.75381566097961e-07
4.43797411078957e-07
4.121945021537e-07
3.80574639830661e-07
3.48939494596897e-07
3.17290504861247e-07
2.85628756073382e-07
2.53954857982056e-07
2.22268838376863e-07
1.90570071131445e-07
1.58857253975109e-07
1.27128447383704e-07
9.53811806771802e-08
6.36126253373889e-08
3.18198292881988e-08
1.24095082252014e-21
-3.18491806566791e-08
-6.37292304248691e-08
-9.5640551990847e-08
-1.27582152064811e-07
-1.59551414838529e-07
-1.91543947069878e-07
-2.23553507478626e-07
-2.55572027856205e-07
-2.87589727806054e-07
-3.19595319819424e-07
-3.51576296845065e-07
-3.83519290884331e-07
-4.15410488533895e-07
-4.47236087752804e-07
-4.78982779271728e-07
-5.10638235744249e-07
-5.42191591706373e-07
-5.73633897461239e-07
-6.04958530044735e-07
-6.36161544492287e-07
-6.67241948890222e-07
-6.98201887433267e-07
-7.29046717252262e-07
-7.59784967429733e-07
-7.90428172599409e-07
-8.20990578879243e-07
-8.51488726463044e-07
-8.81940920620493e-07
-9.1236661055972e-07
-9.42785702880584e-07
-9.7321784241854e-07
-1.00368169741622e-06
-1.03419428756382e-06
-1.06477039214531e-06
-1.09542207122245e-06
-1.12615832570066e-06
-1.15698491277127e-06
-1.18790432238494e-06
-1.21891590903696e-06
-1.25001616226376e-06
-1.28119908986668e-06
-1.31245668085805e-06
-1.34377941110814e-06
-1.37515675400617e-06
-1.40657766114986e-06
-1.43803098383038e-06
-1.46950581426166e-06
-1.50099173525785e-06
-1.5324789773739e-06
-1.56395849232861e-06
-1.59542195981613e-06
-1.62686175073182e-06
-1.65827087279026e-06
-1.68964292420608e-06
-1.72097207759848e-06
-1.75225310996537e-06
-1.78348148615683e-06
-1.81465349370018e-06
-1.84576641717148e-06
-1.87681873168257e-06
-1.90781028848604e-06
-1.93874246202581e-06
-1.96961822752872e-06
-2.00044214164647e-06
-2.03122020554603e-06
-2.06195959967356e-06
-2.09266829132311e-06
-2.12335452902558e-06
-2.1540262503945e-06
-2.18469044116117e-06
-2.21535249154419e-06
-2.24601560088711e-06
-2.2766802820397e-06
-2.30734401301044e-06
-2.33800107515254e-06
-2.36864260513511e-06
-2.39925687312108e-06
-2.42982978311239e-06
-2.46034557467624e-06
-2.49078768960375e-06
-2.52113975374964e-06
-2.55138661442236e-06
-2.58151536800689e-06
-2.61151631142438e-06
-2.64138375461153e-06
-2.67111663913113e-06
-2.70071891968537e-06
-2.7301996798295e-06
-2.75957296953858e-06
-2.7888573693302e-06
-2.81807530224344e-06
-2.8472521300183e-06
-2.87641508233156e-06
-2.90559207711471e-06
-2.93481049522979e-06
-2.96409597380071e-06
-2.99347127929151e-06
-3.02295531431214e-06
-3.05256230175902e-06
-3.08230117718363e-06
-3.11217520635841e-06
-3.14218183111223e-06
-3.17231273385101e-06
-3.20255410081338e-06
-3.23288705679798e-06
-3.26328824020284e-06
-3.29373048666118e-06
-3.32418359182521e-06
-3.35461512806268e-06
-3.38499129488344e-06
-3.41527778764477e-06
-3.44544067247323e-06
-3.47544725667662e-06
-3.50526694293936e-06
-3.53487205253521e-06
-3.56423859837267e-06
-3.59334698399883e-06
-3.62218260100792e-06
-3.65073629587491e-06
-3.67900467904328e-06
-3.70699025464735e-06
-3.73470135845184e-06
-3.76215190370679e-06
-3.7893609483282e-06
-3.81635211039874e-06
-3.84315287054563e-06
-3.86979380753367e-06
-3.89630781606409e-06
-3.9227293526091e-06
-3.94909374626666e-06
-3.97543659806219e-06
-4.00179327558077e-06
-4.02819849254314e-06
-4.05468594743222e-06
-4.08128798389154e-06
-4.10803523023886e-06
-4.13495617717995e-06
-4.16207666182769e-06
-4.18941924158135e-06
-4.21700246152934e-06
-4.24484004134457e-06
-4.27294002930434e-06
-4.30130398924914e-06
-4.32992629852469e-06
-4.35879363944286e-06
-4.38788476266072e-06
-4.41717058821236e-06
-4.44661468978442e-06
-4.47617418203893e-06
-4.50580100173724e-06
-4.53544354373651e-06
-4.56504858520327e-06
-4.59456340790625e-06
-4.62393801100978e-06
-4.65312729659101e-06
-4.6820931077181e-06
-4.71080600433252e-06
-4.73924667484395e-06
-4.76740690033287e-06
-4.79529001231614e-06
-4.82291081270043e-06
-4.85029495421416e-06
-4.87747780956211e-06
-4.90450288604473e-06
-4.93141986770247e-06
-4.95828238757157e-06
-4.98514564696628e-06
-5.01206400576383e-06
-5.03908866684578e-06
-5.06626556908557e-06
-5.09363358713157e-06
-5.12122311390778e-06
-5.14905507498805e-06
-5.17714039495876e-06
-5.20547990695762e-06
-5.23406467012938e-06
-5.26287663788736e-06
-5.29188960424171e-06
-5.32107034704144e-06
-5.35037988602523e-06
-5.37977477959319e-06
-5.40920839603569e-06
-5.43863211090668e-06
-5.46799640030852e-06
-5.49725181797085e-06
-5.52634986019441e-06
-5.5552437353532e-06
-5.58388906254454e-06
-5.61224452655468e-06
-5.64027251357609e-06
-5.66793974465241e-06
-5.69521791270555e-06
-5.72208431565259e-06
-5.74852246419817e-06
-5.77452263009908e-06
-5.80008229064572e-06
-5.82520641914715e-06
-5.84990757033563e-06
-5.87420571436082e-06
-5.89812778345908e-06
-5.92170691098116e-06
-5.94498136227223e-06
-5.9679931795276e-06
-5.99078658646719e-06
-6.01340622154262e-06
-6.0358952884034e-06
-6.05829372757969e-06
-6.08063652210809e-06
-6.10295225084977e-06
-6.12526199577368e-06
-6.14757869338002e-06
-6.16990699629299e-06
-6.1922436801303e-06
-6.21457859498179e-06
-6.23689612265705e-06
-6.2591770631144e-06
-6.28140083912945e-06
-6.30354788017418e-06
-6.32560202717836e-06
-6.34755279126964e-06
-6.3693973028902e-06
-6.39114180310092e-06
-6.41280255567071e-06
-6.43440609502042e-06
-6.45598876872763e-06
-6.47759558093283e-06
-6.49927839106383e-06
-6.52109356715614e-06
-6.54309923124931e-06
-6.56535226294678e-06
-6.58790524406795e-06
-6.61080353118669e-06
-6.63408263359641e-06
-6.65776605280815e-06
-6.68186370800296e-06
-6.70637103265901e-06
-6.73126878413166e-06
-6.75652356377467e-06
-6.78208900363107e-06
-6.80790753972398e-06
-6.83391266377012e-06
-6.860031526059e-06
-6.88618775267131e-06
-6.91230433962008e-06
-6.93830649360283e-06
-6.96412430204995e-06
-6.9896951320151e-06
-7.01496567621358e-06
-7.0398935835302e-06
-7.06444862944104e-06
-7.08861339844831e-06
-7.11238346577797e-06
-7.13576707961343e-06
-7.15878435862732e-06
-7.18146603311026e-06
-7.20385177194897e-06
-7.22598815207373e-06
-7.24792634134415e-06
-7.26971957933532e-06
-7.29142055200834e-06
-7.31307876459267e-06
-7.33473802108816e-06
-7.35643411784913e-06
-7.37819285244853e-06
-7.40002843766529e-06
-7.42194239472033e-06
-7.44392298089759e-06
-7.46594518571139e-06
-7.48797130808366e-06
-7.50995210563555e-06
-7.531828486904e-06
-7.55353369841146e-06
-7.57499594105874e-06
-7.59614133407694e-06
-7.61689712953671e-06
-7.63719506609908e-06
-7.65697473755658e-06
-7.67618684043142e-06
-7.69479615657689e-06
-7.71278412282247e-06
-7.73015084183675e-06
-7.74691639811195e-06
-7.76312136152938e-06
-7.77882638898965e-06
-7.79411087194441e-06
-7.80907062328782e-06
-7.82381464895009e-06
-7.83846110479141e-06
-7.85313259441473e-06
-7.86795101422468e-06
-7.8830321942268e-06
-7.89848061266209e-06
-7.91438447616467e-06
-7.93081145221791e-06
-7.94780531603951e-06
-7.96538372993106e-06
-7.98353731151111e-06
-8.00223007167767e-06
-8.02140121865223e-06
-8.04096823721045e-06
-8.06083106901928e-06
-8.08087714772479e-06
-8.10098698728336e-06
-8.12103998891948e-06
-8.14092012407527e-06
-8.16052116857735e-06
-8.17975120533802e-06
-8.19853617525655e-06
-8.21682233266849e-06
-8.23457754545068e-06
-8.25179146292009e-06
-8.26847464947141e-06
-8.28465684211723e-06
-8.30038453117359e-06
-8.31571808298308e-06
-8.33072862192136e-06
-8.34549486841239e-06
-8.36010009457261e-06
-8.37462931495018e-06
-8.38916678264789e-06
-8.4037938166771e-06
-8.41858694949558e-06
-8.43361635769094e-06
-8.44894452530967e-06
-8.46462508825685e-06
-8.48070181779193e-06
-8.49720771851669e-06
-8.51416423778609e-06
-8.53158060538899e-06
-8.54945334117423e-06
-8.56776598127243e-06
-8.5864890788791e-06
-8.60558053248501e-06
-8.62498628326833e-06
-8.64464140530661e-06
-8.66447158921605e-06
-8.68439499410908e-06
-8.70432441688684e-06
-8.72416970430497e-06
-8.74384031417009e-06
-8.7632479192206e-06
-8.78230894195805e-06
-8.80094691152538e-06
-8.81909454458536e-06
-8.83669547023372e-06
-8.85370554280491e-06
-8.87009371391126e-06
-8.8858424636759e-06
-8.9009478181145e-06
-8.91541900227415e-06
-8.92927779466744e-06
-8.94255765601083e-06
-8.95530270345946e-06
-8.96756659068116e-06
-8.97941133564223e-06
-8.99090611436505e-06
-9.00212601349271e-06
-9.013150711074e-06
-9.02406303741414e-06
-9.03494735950747e-06
-9.04588773591783e-06
-9.05696580510084e-06
-9.06825839857288e-06
-9.07983490886071e-06
-9.09175448711647e-06
-9.10406319174921e-06
-9.116791251797e-06
-9.12995064133318e-06
-9.14353317882515e-06
-9.15750936409402e-06
-9.1718281431312e-06
-9.18641774736775e-06
-9.20118769114678e-06
-9.21603193333929e-06
-9.23083312230608e-06
-9.24546775506668e-06
-9.25981199951913e-06
-9.27374786062995e-06
-9.28716932451553e-06
-9.2999880934664e-06
-9.31213853324505e-06
-9.32358149191083e-06
-9.33430671486588e-06
-9.34433366917941e-06
-9.35371069487691e-06
-9.36251251364702e-06
-9.37083623746456e-06
-9.37879612215964e-06
-9.38651739602628e-06
-9.39412955472596e-06
-9.40175954659647e-06
-9.40952527495951e-06
-9.41752981648319e-06
-9.42585669973473e-06
-9.43456651034745e-06
-9.44369499481979e-06
-9.45325273091447e-06
-9.46322632638185e-06
-9.47358100660931e-06
-9.48426436251055e-06
-9.49521095825273e-06
-9.50634744874575e-06
-9.51759783219241e-06
-9.52888846483194e-06
-9.54015249305266e-06
-9.55133341037841e-06
-9.56238751990175e-06
-9.57328517149944e-06
-9.58401074129153e-06
-9.59456142101576e-06
-9.60494497949428e-06
-9.61517673944528e-06
-9.62527607351201e-06
-9.63526275790425e-06
-9.64515352684797e-06
-9.6549591450251e-06
-9.66468226010577e-06
-9.67431621795507e-06
-9.68384492636106e-06
-9.69324374840906e-06
-9.7024813042872e-06
-9.71152197078681e-06
-9.72032880042801e-06
-9.72886654421439e-06
-9.73710445767994e-06
-9.74501859971858e-06
-9.75259339449894e-06
-9.75982231190894e-06
-9.76670762202013e-06
-9.77325928287056e-06
-9.77949311686148e-06
-9.78542850857527e-06
-9.79108590733209e-06
-9.79648443592342e-06
-9.80163989105018e-06
-9.80656337329739e-06
-9.81126071081463e-06
-9.81573274988832e-06
-9.81997648769422e-06
-9.82398692862335e-06
-9.82775946583325e-06
-9.8312925323366e-06
-9.83459023647358e-06
-9.83766469722294e-06
-9.84053782432154e-06
-9.84324234236807e-06
-9.84582193036662e-06
-9.848330430405e-06
-9.85083016274688e-06
-9.85338946142439e-06
-9.85607960766419e-06
-9.85897138332202e-06
-9.86213149036133e-06
-9.86561908499125e-06
-9.86948265810395e-06
-9.8737574604172e-06
-9.87846362552151e-06
-9.88360509154056e-06
-9.88916936688745e-06
-9.89512813165149e-06
-9.90143861670877e-06
-9.9080456600856e-06
-9.91488430598317e-06
-9.92188278710414e-06
-9.9289657159347e-06
-9.93605730552493e-06
-9.94308444493153e-06
-9.94997946846341e-06
-9.95668248053492e-06
-9.9631431282235e-06
-9.96932174999809e-06
-9.97518986944335e-06
-9.98073004456439e-06
-9.98593512347483e-06
-9.99080699290194e-06
-9.99535493415974e-06
-9.99959371978567e-06
-1.00035415915379e-05
-1.00072182566424e-05
-1.00106430249886e-05
-1.00138331874289e-05
-1.00168027073293e-05
-1.00195612674123e-05
-1.00221136850998e-05
-1.002445968494e-05
-1.00265939983462e-05
-1.00285067497457e-05
-1.00301840840491e-05
-1.00316089917342e-05
-1.0032762292581e-05
-1.00336237445762e-05
-1.00341732482321e-05
-1.00343921165687e-05
-1.00342643763424e-05
-1.00337780569861e-05
-1.00329264116065e-05
-1.00317090017439e-05
-1.00301325675566e-05
-1.00282116008631e-05
-1.00259685428129e-05
-1.00234335425904e-05
-1.00206437387722e-05
-1.00176420594283e-05
-1.00144755778357e-05
-1.00111935035603e-05
-1.00078449286768e-05
-1.00044764809772e-05
-1.00011300557151e-05
-9.99784080158422e-06
-9.99463552379099e-06
-9.99153163783725e-06
-9.98853676449343e-06
-9.98564900359428e-06
-9.98285786703746e-06
-9.98014579548569e-06
-9.97749013431962e-06
-9.97486540705332e-06
-9.97224570205606e-06
-9.96960698273294e-06
-9.96692914230913e-06
-9.96419765046537e-06
-9.96140467741725e-06
-9.95854962783648e-06
-9.95563906799463e-06
-9.9526860802769e-06
-9.94970912560888e-06
-9.94673053271325e-06
-9.94377476052946e-06
-9.94086659452166e-06
-9.93802943788068e-06
-9.93528384477074e-06
-9.93264641585943e-06
-9.9301291385737e-06
-9.9277392090265e-06
-9.92547932336917e-06
-9.92334837798828e-06
-9.92134247517907e-06
-9.91945609806695e-06
-9.91768329918832e-06
-9.91601874361016e-06
-9.91445846050535e-06
-9.91300018570555e-06
-9.91164321921605e-06
-9.91038777185177e-06
-9.90923382890831e-06
-9.90817961059297e-06
-9.9072197535407e-06
-9.90634337072579e-06
-9.90553216540951e-06
-9.90475877705551e-06
-9.9039855237557e-06
-9.90316367859411e-06
-9.90223337973738e-06
-9.90112422986373e-06
-9.89975659405911e-06
-9.89804356049555e-06
-9.89589348836761e-06
-9.89321303505878e-06
-9.88991053065278e-06
-9.88589955300313e-06
-9.88110255011322e-06
-9.87545435747574e-06
-9.86890546490929e-06
-9.86142489892678e-06
-9.85300260156868e-06
-9.84365120402479e-06
-9.8334071126646e-06
-9.82233084598782e-06
-9.81050658335876e-06
-9.79804091012029e-06
-9.78506076865303e-06
-9.77171065085978e-06
-9.75814909392494e-06
-9.74454456732708e-06
-9.73107086410307e-06
-9.71790213228064e-06
-9.70520770216256e-06
-9.69314688070456e-06
-9.6818638945797e-06
-9.67148316775316e-06
-9.66210511672946e-06
-9.65380263647935e-06
-9.64661843204103e-06
-9.64056332485103e-06
-9.63561562930357e-06
-9.63172165462382e-06
-9.62879734114331e-06
-9.6267309902984e-06
-9.62538699645945e-06
-9.62461043879242e-06
-9.6242323457783e-06
-9.62407540685399e-06
-9.6239598777836e-06
-9.62370941125773e-06
-9.62315654358111e-06
-9.62214758296734e-06
-9.62054667469832e-06
-9.61823886193003e-06
-9.61513201591471e-06
-9.61115757266376e-06
-9.60627008073523e-06
-9.60044563265278e-06
-9.59367931612979e-06
-9.58598187669151e-06
-9.57737582689351e-06
-9.5678912663269e-06
-9.55756168914815e-06
-9.54642005123346e-06
-9.5344953476384e-06
-9.5218099143614e-06
-9.50837761898898e-06
-9.49420304598716e-06
-9.47928171811155e-06
-9.4636013298247e-06
-9.44714390587152e-06
-9.42988874204477e-06
-9.41181593881182e-06
-9.39291030416833e-06
-9.37316538118424e-06
-9.35258734860869e-06
-9.33119854914304e-06
-9.30904041843536e-06
-9.2861756169004e-06
-9.26268920430811e-06
-9.23868874186096e-06
-9.21430325644163e-06
-9.18968105523147e-06
-9.16498643442469e-06
-9.14039538169371e-06
-9.11609042659725e-06
-9.09225484413066e-06
-9.06906646156498e-06
-9.04669135471158e-06
-9.02527774369322e-06
-9.0049504071974e-06
-8.98580592549486e-06
-8.96790903456104e-06
-8.95129032604229e-06
-8.93594546171594e-06
-8.92183598935982e-06
-8.9088917540789e-06
-8.89701480104823e-06
-8.88608456921192e-06
-8.87596408802362e-06
-8.86650681787807e-06
-8.85756372562234e-06
-8.84899016412016e-06
-8.84065213199419e-06
-8.8324315268724e-06
-8.82423007086441e-06
-8.81597167650608e-06
-8.80760312900564e-06
-8.79909307875837e-06
-8.79042945826657e-06
-8.7816155509661e-06
-8.77266503749032e-06
-8.76359642001694e-06
-8.75442727149805e-06
-8.74516876975191e-06
-8.7358209549825e-06
-8.7263690942856e-06
-8.71678145173683e-06
-8.70700865383757e-06
-8.69698471559615e-06
-8.68662966201088e-06
-8.67585355360176e-06
-8.6645616131836e-06
-8.65266006352296e-06
-8.64006222922039e-06
-8.62669443583646e-06
-8.6125012565561e-06
-8.59744970986639e-06
-8.58153209592345e-06
-8.56476726688848e-06
-8.54720024791268e-06
-8.52890025001085e-06
-8.50995723318161e-06
-8.49047727829127e-06
-8.47057710191155e-06
-8.45037809461484e-06
-8.430000278298e-06
-8.40955656301812e-06
-8.38914764229177e-06
-8.36885780354009e-06
-8.3487518542502e-06
-8.32887328169169e-06
-8.30924368142016e-06
-8.28986341295917e-06
-8.27071337411565e-06
-8.25175773087514e-06
-8.23294739877662e-06
-8.2142240439694e-06
-8.19552435698529e-06
-8.17678434854581e-06
-8.15794342351491e-06
-8.13894800578503e-06
-8.1197545131854e-06
-8.10033151735293e-06
-8.08066096870801e-06
-8.060738420532e-06
-8.04057224709137e-06
-8.02018191614815e-06
-7.99959544224439e-06
-7.97884620908986e-06
-7.95796940188946e-06
-7.93699832820016e-06
-7.91596092426722e-06
-7.89487673947053e-06
-7.87375466313853e-06
-7.85259160645343e-06
-7.83137228072986e-06
-7.81007012740788e-06
-7.78864936174825e-06
-7.76706799952379e-06
-7.74528165219609e-06
-7.72324780868727e-06
-7.70093027696936e-06
-7.67830344029161e-06
-7.65535599249277e-06
-7.63209385349191e-06
-7.60854202631537e-06
-7.58474523550013e-06
-7.56076727658922e-06
-7.53668910013865e-06
-7.51260574359085e-06
-7.48862230358735e-06
-7.4648492040588e-06
-7.44139705764828e-06
-7.41837143748765e-06
-7.3958678727987e-06
-7.37396735680945e-06
-7.35273261220735e-06
-7.33220530212157e-06
-7.31240430848777e-06
-7.29332512988751e-06
-7.27494038264288e-06
-7.25720132654374e-06
-7.24004028365295e-06
-7.22337377766996e-06
-7.20710619372285e-06
-7.19113374455044e-06
-7.17534852829014e-06
-7.15964247427806e-06
-7.14391099469821e-06
-7.12805618960234e-06
-7.1119894886334e-06
-7.09563365253601e-06
-7.07892409901859e-06
-7.06180955852525e-06
-7.04425210376541e-06
-7.02622663026319e-06
-7.00771989169081e-06
-6.98872921158701e-06
-6.96926100095422e-06
-6.94932920857363e-06
-6.92895381793269e-06
-6.90815948263899e-06
-6.88697436327238e-06
-6.86542919579018e-06
-6.84355658837556e-06
-6.82139051368522e-06
-6.79896594018911e-06
-6.7763185323363e-06
-6.75348434613865e-06
-6.73049945458744e-06
-6.70739945484015e-06
-6.68421883378674e-06
-6.66099019693507e-06
-6.63774339356912e-06
-6.61450459492964e-06
-6.59129539844958e-06
-6.56813203761786e-06
-6.54502477297847e-06
-6.5219775257059e-06
-6.49898779309798e-06
-6.47604685822741e-06
-6.45314027754297e-06
-6.4302486041586e-06
-6.4073482842348e-06
-6.3844126516893e-06
-6.36141294373534e-06
-6.33831926637915e-06
-6.31510145369013e-06
-6.29172978503153e-06
-6.26817554747691e-06
-6.24441145308716e-06
-6.22041193956114e-06
-6.19615339561812e-06
-6.17161435787756e-06
-6.14677572362199e-06
-6.12162101440661e-06
-6.0961367106993e-06
-6.07031265994529e-06
-6.04414254230547e-06
-6.01762436239792e-06
-5.99076092382784e-06
-5.96356023756859e-06
-5.93603581592971e-06
-5.90820681058395e-06
-5.88009796477681e-06
-5.85173936465058e-06
-5.82316599048958e-06
-5.79441708352485e-06
-5.76553535590108e-06
-5.73656607921792e-06
-5.70755609011944e-06
-5.67855274988771e-06
-5.64960288976218e-06
-5.62075176617027e-06
-5.59204204193613e-06
-5.5635128025905e-06
-5.53519861264227e-06
-5.5071286161042e-06
-5.47932568903529e-06
-5.45180565896809e-06
-5.42457661571304e-06
-5.39763834847927e-06
-5.37098195348473e-06
-5.34458966215058e-06
-5.31843494075006e-06
-5.2924829067162e-06
-5.26669109419167e-06
-5.24101058221173e-06
-5.21538747445495e-06
-5.18976469188522e-06
-5.16408401153897e-06
-5.13828825915762e-06
-5.11232354322879e-06
-5.08614140575882e-06
-5.05970076250385e-06
-5.0329695132387e-06
-5.00592572068412e-06
-4.97855828364633e-06
-4.95086706354035e-06
-4.92286246089085e-06
-4.89456447638302e-06
-4.86600132628764e-06
-4.83720771162129e-06
-4.80822286180888e-06
-4.77908848526693e-06
-4.74984676050229e-06
-4.72053849223964e-06
-4.69120153884093e-06
-4.66186959167872e-06
-4.63257135653074e-06
-4.60333015413438e-06
-4.57416392450844e-06
-4.54508559008386e-06
-4.51610370829686e-06
-4.48722332678043e-06
-4.45844694471408e-06
-4.42977548264787e-06
-4.40120916991586e-06
-4.37274827267798e-06
-4.344393605222e-06
-4.31614679056149e-06
-4.28801026147933e-06
-4.25998701781761e-06
-4.23208017794624e-06
-4.20429238017056e-06
-4.17662510200575e-06
-4.1490779709219e-06
-4.1216481391063e-06
-4.09432978735122e-06
-4.06711381025377e-06
-4.03998771785593e-06
-4.01293576931254e-06
-3.98593933395771e-06
-3.95897745602252e-06
-3.93202758283453e-06
-3.90506640387361e-06
-3.87807074042654e-06
-3.85101842316344e-06
-3.82388909767502e-06
-3.79666490535855e-06
-3.76933099817183e-06
-3.741875859595e-06
-3.71429141942397e-06
-3.68657296551994e-06
-3.65871887019101e-06
-3.63073016147719e-06
-3.60260997945764e-06
-3.57436296425993e-06
-3.54599462544133e-06
-3.51751074180331e-06
-3.48891683668726e-06
-3.46021776677286e-06
-3.43141745290611e-06
-3.40251877018179e-06
-3.37352360213254e-06
-3.34443305120875e-06
-3.31524778555295e-06
-3.28596849113726e-06
-3.25659638934692e-06
-3.22713377367859e-06
-3.19758451588693e-06
-3.16795449201942e-06
-3.13825188250891e-06
-3.10848730781633e-06
-3.07867377176206e-06
-3.04882639812587e-06
-3.01896196154868e-06
-2.98909823021236e-06
-2.95925315399939e-06
-2.92944394652018e-06
-2.89968612121211e-06
-2.86999254944001e-06
-2.84037261118449e-06
-2.81083150587777e-06
-2.78136978209516e-06
-2.751983130526e-06
-2.72266246587481e-06
-2.69339430153383e-06
-2.66416139786875e-06
-2.63494364285445e-06
-2.60571910469764e-06
-2.57646518189737e-06
-2.54715976841554e-06
-2.51778235113781e-06
-2.48831496375324e-06
-2.45874293493915e-06
-2.4290553879466e-06
-2.39924547138456e-06
-2.36931032485577e-06
-2.33925080564348e-06
-2.30907102158585e-06
-2.27877772873627e-06
-2.24837965917138e-06
-2.21788684393695e-06
-2.18730998900344e-06
-2.15665994938921e-06
-2.12594733005901e-06
-2.09518222395932e-06
-2.06437407985789e-06
-2.03353167759423e-06
-2.00266317758289e-06
-1.97177620599663e-06
-1.94087793733092e-06
-1.90997514162357e-06
-1.87907417342916e-06
-1.84818089219018e-06
-1.81730051708607e-06
-1.78643743192179e-06
-1.75559496548205e-06
-1.72477517877265e-06
-1.69397869199179e-06
-1.66320458083599e-06
-1.63245036436731e-06
-1.6017120961932e-06
-1.57098455854537e-06
-1.5402615465781e-06
-1.50953621939779e-06
-1.47880148632052e-06
-1.44805039258653e-06
-1.41727646870844e-06
-1.38647401173649e-06
-1.3556382744329e-06
-1.32476554869118e-06
-1.2938531412667e-06
-1.26289925163278e-06
-1.23190277221535e-06
-1.20086303925366e-06
-1.16977956726241e-06
-1.13865180109523e-06
-1.1074789169125e-06
-1.07625969731694e-06
-1.04499249725856e-06
-1.01367530699552e-06
-9.82305907538775e-07
-9.50882103742024e-07
-9.19402011566445e-07
-8.87864369912957e-07
-8.56268844362124e-07
-8.24616290470763e-07
-7.92908947880763e-07
-7.61150543007612e-07
-7.29346286812951e-07
-6.97502764221563e-07
-6.65627722082298e-07
-6.33729772126912e-07
-6.0181803316748e-07
-5.6990174199404e-07
-5.37989864571144e-07
-5.0609073800369e-07
-4.74211769531673e-07
-4.42359212050889e-07
-4.10538027158566e-07
-3.78751837500054e-07
-3.47002961323101e-07
-3.15292514646972e-07
-2.83620561148808e-07
-2.51986287292663e-07
-2.20388180550407e-07
-1.88824191586421e-07
-1.57291866456555e-07
-1.25788441398928e-07
-9.43108997172423e-08
-6.28559966069361e-08
-3.14202627014625e-08
