1.59993285004916e-05
1.59976421971772e-05
1.59962740543331e-05
1.59952355137808e-05
1.59945325465757e-05
1.59941641297481e-05
1.59941210865706e-05
1.59943854524383e-05
1.5994930466207e-05
1.59957212141255e-05
1.59967158790066e-05
1.59978674796151e-05
1.59991259319816e-05
1.60004402311839e-05
1.60017605423304e-05
1.60030400036029e-05
1.60042360801579e-05
1.60053113609791e-05
1.60062337551916e-05
1.60069761125829e-05
1.60075153575709e-05
1.60078312796113e-05
1.60079051602806e-05
1.60077184340863e-05
1.60072515746787e-05
1.60064833711875e-05
1.60053907137046e-05
1.60039489473282e-05
1.60021327869591e-05
1.59999177173774e-05
1.59972817423434e-05
1.59942072992791e-05
1.59906831279095e-05
1.5986705875572e-05
1.59822812399005e-05
1.59774244898574e-05
1.59721602647542e-05
1.59665216219552e-05
1.59605483798393e-05
1.59542848750488e-05
1.59477773140133e-05
1.59410709413364e-05
1.59342072669972e-05
1.59272215882554e-05
1.59201410113803e-05
1.59129831265116e-05
1.59057554222035e-05
1.58984554523161e-05
1.58910716954333e-05
1.58835849840632e-05
1.58759703342846e-05
1.58681989807889e-05
1.58602404192396e-05
1.58520642764834e-05
1.58436418657213e-05
1.58349473326513e-05
1.58259583529916e-05
1.58166563947222e-05
1.58070266035944e-05
1.57970574032526e-05
1.57867399190253e-05
1.57760673366059e-05
1.57650342951042e-05
1.57536363915613e-05
1.57418698453101e-05
1.5729731340149e-05
1.5717218034448e-05
1.57043277073685e-05
1.56910589954105e-05
1.56774116681605e-05
1.56633868947386e-05
1.56489874613698e-05
1.5634217913426e-05
1.56190846097611e-05
1.56035956909641e-05
1.5587760974607e-05
1.55715917987006e-05
1.55551008391344e-05
1.55383019281937e-05
1.552120990005e-05
1.55038404862461e-05
1.54862102803872e-05
1.54683367869975e-05
1.54502385649353e-05
1.54319354707301e-05
1.54134490013597e-05
1.53948027289617e-05
1.53760228115819e-05
1.53571385544082e-05
1.53381829855559e-05
1.5319193400248e-05
1.5300211818398e-05
1.52812852944782e-05
1.52624660164424e-05
1.52438111333604e-05
1.52253822598986e-05
1.52072446198576e-05
1.51894658101056e-05
1.51721141893294e-05
1.5155256921553e-05
1.51389577305557e-05
1.51232744462624e-05
1.51082564460346e-05
1.50939421108945e-05
1.50803564276866e-05
1.50675088719805e-05
1.50553917024974e-05
1.50439787857568e-05
1.50332250496921e-05
1.50230666378162e-05
1.50134218022468e-05
1.50041925361167e-05
1.49952669056079e-05
1.49865220014746e-05
1.49778273920879e-05
1.49690489274828e-05
1.49600527191986e-05
1.49507091060744e-05
1.4940896413187e-05
1.49305043205428e-05
1.4919436679771e-05
1.49076136496897e-05
1.48949730630852e-05
1.48814709844086e-05
1.48670814678802e-05
1.48517955740071e-05
1.48356197461688e-05
1.48185736845589e-05
1.48006878799324e-05
1.47820009827257e-05
1.47625571836199e-05
1.47424037699e-05
1.47215889993251e-05
1.47001604017112e-05
1.46781635805909e-05
1.46556415460694e-05
1.46326345683045e-05
1.46091805018182e-05
1.45853154966974e-05
1.45610749858994e-05
1.45364948200163e-05
1.45116124130646e-05
1.44864677655491e-05
1.4461104243895e-05
1.4435569017312e-05
1.44099130825295e-05
1.43841908413031e-05
1.43584592323679e-05
1.43327764555944e-05
1.43072003584699e-05
1.42817865809844e-05
1.42565865723723e-05
1.42316456006405e-05
1.42070008730182e-05
1.41826798730964e-05
1.41586990001626e-05
1.41350625705595e-05
1.41117622128409e-05
1.40887766612317e-05
1.4066071928388e-05
1.40436018210546e-05
1.40213087523942e-05
1.39991248028977e-05
1.39769729871398e-05
1.39547686944623e-05
1.39324212854263e-05
1.39098358396304e-05
1.3886915061284e-05
1.38635613541967e-05
1.38396790757958e-05
1.38151769696273e-05
1.37899707579076e-05
1.37639858515707e-05
1.37371601073964e-05
1.37094465333923e-05
1.36808158181947e-05
1.36512585413395e-05
1.36207869119005e-05
1.35894358854909e-05
1.35572635252014e-05
1.35243505007741e-05
1.34907986609683e-05
1.34567286643183e-05
1.34222767099402e-05
1.33875904686122e-05
1.33528243705238e-05
1.33181344552819e-05
1.32836730277287e-05
1.32495833863064e-05
1.32159948965418e-05
1.31830186694225e-05
1.31507440731637e-05
1.31192362587543e-05
1.30885348178251e-05
1.30586536201401e-05
1.30295818026552e-05
1.30012858084402e-05
1.29737123076659e-05
1.29467917797026e-05
1.29204424995535e-05
1.28945746563352e-05
1.2869094337557e-05
1.28439071398875e-05
1.28189212123898e-05
1.27940495976413e-05
1.27692118042393e-05
1.27443346146524e-05
1.27193521987905e-05
1.26942056600909e-05
1.2668842182468e-05
1.26432139698101e-05
1.26172771733488e-05
1.25909909866317e-05
1.25643170553363e-05
1.25372193036557e-05
1.25096642254523e-05
1.24816216323367e-05
1.24530657977768e-05
1.24239768911322e-05
1.23943425619661e-05
1.23641595155599e-05
1.23334349161868e-05
1.23021874648862e-05
1.22704480214538e-05
1.22382596733819e-05
1.22056771942572e-05
1.2172765877121e-05
1.21395997711584e-05
1.21062593898345e-05
1.2072828992849e-05
1.2039393571294e-05
1.20060356840679e-05
1.1972832303363e-05
1.19398518278332e-05
1.19071514141184e-05
1.18747747613261e-05
1.18427504596561e-05
1.18110909846928e-05
1.17797923843488e-05
1.17488346677376e-05
1.17181828664271e-05
1.16877887009305e-05
1.16575927514499e-05
1.16275270043503e-05
1.1597517626891e-05
1.15674878141627e-05
1.15373605549582e-05
1.15070611774396e-05
1.14765195598335e-05
1.14456719237828e-05
1.14144621652828e-05
1.13828427166046e-05
1.13507749683427e-05
1.13182293101088e-05
1.12851848685641e-05
1.12516290307358e-05
1.12175568385642e-05
1.11829703284773e-05
1.11478778698826e-05
1.1112293532135e-05
1.10762364846005e-05
1.10397304126492e-05
1.1002802916945e-05
1.09654848564013e-05
1.0927809597497e-05
1.0889812143761e-05
1.08515281373422e-05
1.08129927469403e-05
1.07742394796692e-05
1.07352989753249e-05
1.06961978570632e-05
1.06569577204976e-05
1.0617594342538e-05
1.05781171818614e-05
1.05385292256877e-05
1.04988272143283e-05
1.04590022480948e-05
1.04190407531354e-05
1.03789257560556e-05
1.03386383939113e-05
1.02981595679812e-05
1.02574716377533e-05
1.02165600463795e-05
1.0175414770598e-05
1.0134031496547e-05
1.00924124374791e-05
1.00505667293833e-05
1.00085103649928e-05
9.96626565446107e-06
9.92386023078059e-06
9.88132564821181e-06
9.83869565079772e-06
9.79600421351222e-06
9.75328347873821e-06
9.71056172372124e-06
9.66786149883487e-06
9.6251980708787e-06
9.58257828986256e-06
9.53999997229168e-06
9.4974518602211e-06
9.45491417549518e-06
9.41235974553347e-06
9.36975563414405e-06
9.32706517169763e-06
9.28425024699274e-06
9.24127370122112e-06
9.19810165477553e-06
9.15470560140631e-06
9.11106412147437e-06
9.06716409563819e-06
9.02300134001913e-06
8.97858063053506e-06
8.93391513380682e-06
8.88902531057285e-06
8.84393740061872e-06
8.7986816319131e-06
8.75329031772521e-06
8.70779601179635e-06
8.66222988225014e-06
8.61662044038614e-06
8.57099272280832e-06
8.52536797784924e-06
8.47976385442121e-06
8.43419503843742e-06
8.38867423420324e-06
8.34321335075797e-06
8.29782473023358e-06
8.25252224967485e-06
8.20732214044345e-06
8.16224339933946e-06
8.11730770999532e-06
8.07253884731538e-06
8.02796159591202e-06
7.98360026921865e-06
7.93947696299823e-06
7.89560970998377e-06
7.8520107176174e-06
7.80868486656305e-06
7.7656286243729e-06
7.72282948909997e-06
7.68026602633245e-06
7.63790850592462e-06
7.59572008801245e-06
7.55365845789422e-06
7.51167777121962e-06
7.46973074829143e-06
7.42777075082994e-06
7.3857536859202e-06
7.34363960779886e-06
7.30139392487585e-06
7.258988162205e-06
7.21640027347519e-06
7.17361453675339e-06
7.13062110078186e-06
7.08741527094355e-06
7.04399663481529e-06
7.00036812668926e-06
6.9565351199616e-06
6.91250461819137e-06
6.86828459279843e-06
6.82388349081842e-06
6.77930991268285e-06
6.734572439962e-06
6.6896795780532e-06
6.64463976981981e-06
6.59946143337134e-06
6.55415298007397e-06
6.50872277656482e-06
6.46317902576011e-06
6.41752955518961e-06
6.37178151503225e-06
6.32594100164208e-06
6.28001263398902e-06
6.23399911937318e-06
6.18790085033942e-06
6.14171557652508e-06
6.09543819309179e-06
6.04906068156025e-06
6.00257222967616e-06
5.95595954501025e-06
5.90920736316873e-06
5.86229913676022e-06
5.81521787674362e-06
5.7679471046205e-06
5.72047186324628e-06
5.67277972679325e-06
5.62486174735118e-06
5.57671327723256e-06
5.52833461231248e-06
5.47973141232261e-06
5.43091486816913e-06
5.38190160293865e-06
5.33271331091171e-06
5.28337615610866e-06
5.23391996715692e-06
5.18437727728439e-06
5.13478226602995e-06
5.08516966227759e-06
5.03557366642209e-06
4.98602694331731e-06
4.93655972803552e-06
4.88719907458893e-06
4.83796826500835e-06
4.78888638390404e-06
4.73996805304037e-06
4.69122331241566e-06
4.64265762932757e-06
4.59427201496693e-06
4.54606322886086e-06
4.49802405429941e-06
4.45014363185073e-06
4.40240784225133e-06
4.35479973348419e-06
4.30729998904364e-06
4.25988743482777e-06
4.21253958069722e-06
4.16523318970918e-06
4.11794486385544e-06
4.07065163047755e-06
4.023331509171e-06
3.97596403569617e-06
3.92853071785603e-06
3.88101539896649e-06
3.83340450767476e-06
3.78568717843126e-06
3.73785523456086e-06
3.68990303501553e-06
3.64182719572312e-06
3.59362620604824e-06
3.5452999692934e-06
3.49684930251148e-06
3.44827543446983e-06
3.39957954096083e-06
3.35076235367286e-06
3.3018238727407e-06
3.25276320443057e-06
3.20357853499201e-06
3.15426724051219e-06
3.10482612168395e-06
3.05525174273577e-06
3.00554084619401e-06
2.95569081022379e-06
2.90570011329442e-06
2.855568771795e-06
2.80529871966266e-06
2.75489410453974e-06
2.70436148177968e-06
2.65370989506638e-06
2.6029508398453e-06
2.55209811264652e-06
2.50116755533028e-06
2.45017670808874e-06
2.39914438862887e-06
2.34809021738318e-06
2.29703410995688e-06
2.24599575844346e-06
2.19499412283179e-06
2.14404695255326e-06
2.09317035631212e-06
2.04237843572422e-06
1.99168299499529e-06
1.941093334983e-06
1.89061613566541e-06
1.84025542652375e-06
1.7900126399504e-06
1.73988673886789e-06
1.68987440663473e-06
1.63997028530049e-06
1.59016724752121e-06
1.54045668796872e-06
1.49082882170944e-06
1.44127297948195e-06
1.39177789265107e-06
1.34233196339836e-06
1.29292351799445e-06
1.24354104246464e-06
1.19417340044499e-06
1.14481003256633e-06
1.0954411355207e-06
1.0460578174311e-06
9.96652224715979e-07
9.47217634764381e-07
8.97748508778358e-07
8.48240500296529e-07
7.98690417184307e-07
7.49096138049463e-07
6.99456487725519e-07
6.49771080155382e-07
6.0004014016885e-07
5.50264317806649e-07
5.00444509665478e-07
4.50581701080836e-07
4.00676840896378e-07
3.50730757353432e-07
3.00744119680486e-07
2.50717445751289e-07
2.00651152188523e-07
1.50545639916378e-07
1.00401405679109e-07
5.02191685578818e-08
9.79165489365365e-22
-5.025455382943e-08
-1.00542367671945e-07
-1.50860659816375e-07
-2.01205949355061e-07
-2.51574054137353e-07
-3.01960133918178e-07
-3.52358781475557e-07
-4.02764162480476e-07
-4.531702025127e-07
-5.03570816739568e-07
-5.53960174417479e-07
-6.0433298666803e-07
-6.54684802190563e-07
-7.05012292090613e-07
-7.55313502304913e-07
-8.05588050690785e-07
-8.55837246178929e-07
-9.06064109803232e-07
-9.56273282072391e-07
-1.00647080795236e-06
-1.05666379934008e-06
-1.10685998472666e-06
-1.15706716595468e-06
-1.20729261160733e-06
-1.25754242461842e-06
-1.30782092721832e-06
-1.35813010857267e-06
-1.40846917895637e-06
-1.45883426892907e-06
-1.50921830303934e-06
-1.55961106577862e-06
-1.60999946386322e-06
-1.66036797470283e-06
-1.71069925746566e-06
-1.76097489174655e-06
-1.81117620053344e-06
-1.86128510963651e-06
-1.91128499523999e-06
-1.96116147453666e-06
-2.01090310086229e-06
-2.0605019333859e-06
-2.10995396107647e-06
-2.15925937019188e-06
-2.20842265291343e-06
-2.25745256126836e-06
-2.30636191482068e-06
-2.3551672728553e-06
-2.40388848239111e-06
-2.4525481130621e-06
-2.50117078955041e-06
-2.54978243265042e-06
-2.59840942180274e-06
-2.64707769535747e-06
-2.6958118098222e-06
-2.74463398544773e-06
-2.7935631719036e-06
-2.84261417348274e-06
-2.89179687717727e-06
-2.94111562811374e-06
-2.99056879451188e-06
-3.0401485581945e-06
-3.0898409568336e-06
-3.13962619112404e-06
-3.18947919489526e-06
-3.23937045006507e-06
-3.28926701273178e-06
-3.33913370301618e-06
-3.38893440076489e-06
-3.43863338287504e-06
-3.48819663635026e-06
-3.5375930843407e-06
-3.58679566997635e-06
-3.63578225397018e-06
-3.68453629561705e-06
-3.73304730161287e-06
-3.78131104168226e-06
-3.82932954304341e-06
-3.87711088620222e-06
-3.92466883173783e-06
-3.97202231130982e-06
-4.01919481619556e-06
-4.06621371375715e-06
-4.11310951715682e-06
-4.15991512740134e-06
-4.20666506048162e-06
-4.25339466699069e-06
-4.30013934796264e-06
-4.34693376929067e-06
-4.39381107811419e-06
-4.44080212780655e-06
-4.48793472310541e-06
-4.53523290270705e-06
-4.58271628233934e-06
-4.63039948594547e-06
-4.67829169525169e-06
-4.72639634795573e-06
-4.77471101163936e-06
-4.8232274542008e-06
-4.87193192239132e-06
-4.92080562853331e-06
-4.96982543257805e-06
-5.01896469341477e-06
-5.06819425095131e-06
-5.11748349012577e-06
-5.16680143073186e-06
-5.21611778358241e-06
-5.26540391461819e-06
-5.31463366424204e-06
-5.3637839791604e-06
-5.41283532767382e-06
-5.46177188562782e-06
-5.51058149777313e-06
-5.55925543655767e-06
-5.60778799580628e-06
-5.65617596887163e-06
-5.70441806846259e-06
-5.75251434768576e-06
-5.80046567859208e-06
-5.84827333598926e-06
-5.89593872129646e-06
-5.94346324508866e-06
-5.99084836934631e-06
-6.03809579308323e-06
-6.08520774971091e-06
-6.13218737269319e-06
-6.1790390788149e-06
-6.22576891626326e-06
-6.27238482766664e-06
-6.31889678568826e-06
-6.36531676974738e-06
-6.41165856568933e-06
-6.45793738441138e-06
-6.50416930932556e-06
-6.55037059507025e-06
-6.5965568503455e-06
-6.64274214573702e-06
-6.68893809279177e-06
-6.7351529434962e-06
-6.78139075987026e-06
-6.82765070181839e-06
-6.8739264778072e-06
-6.92020599742597e-06
-6.96647125743785e-06
-7.01269848357199e-06
-7.05885853916681e-06
-7.10491759916817e-06
-7.15083807446406e-06
-7.19657975789843e-06
-7.24210115053311e-06
-7.28736091588822e-06
-7.33231940198986e-06
-7.37694016687154e-06
-7.42119144313887e-06
-7.4650474812874e-06
-7.5084897191674e-06
-7.55150773540244e-06
-7.59409995649059e-06
-7.63627409943689e-06
-7.67804734286193e-06
-7.71944622866676e-06
-7.76050630299023e-06
-7.80127150935182e-06
-7.84179334899052e-06
-7.88212982433429e-06
-7.92234418232819e-06
-7.962503476091e-06
-8.0026769669339e-06
-8.04293439465288e-06
-8.08334415217693e-06
-8.12397141053934e-06
-8.16487625065283e-06
-8.20611186803861e-06
-8.24772292383154e-06
-8.28974411845378e-06
-8.33219906201113e-06
-8.37509950692339e-06
-8.41844499342826e-06
-8.4622229380237e-06
-8.50640916999547e-06
-8.55096889390119e-06
-8.59585802866718e-06
-8.64102484939354e-06
-8.68641183853561e-06
-8.7319576409098e-06
-8.77759901337071e-06
-8.82327266558276e-06
-8.8689169026693e-06
-8.91447300232478e-06
-8.95988628605329e-06
-9.00510687377013e-06
-9.05009013997923e-06
-9.09479691505881e-06
-9.13919349416723e-06
-9.18325152694016e-06
-9.22694786244206e-06
-9.2702644157866e-06
-9.31318810656185e-06
-9.35571089675474e-06
-9.39782993005914e-06
-9.43954774846044e-06
-9.48087253902483e-06
-9.52181834672907e-06
-9.56240518009759e-06
-9.60265893656867e-06
-9.64261108401448e-06
-9.68229805272528e-06
-9.72176031652007e-06
-9.76104116982469e-06
-9.80018523652816e-06
-9.83923677310976e-06
-9.87823785015216e-06
-9.91722651076727e-06
-9.95623501033919e-06
-9.99528823897108e-06
-1.00344024166968e-05
-1.00735841333265e-05
-1.01128297818227e-05
-1.01521254088232e-05
-1.01914469808965e-05
-1.02307610426902e-05
-1.02700257252022e-05
-1.0309192050207e-05
-1.03482054708833e-05
-1.03870075886037e-05
-1.04255379906543e-05
-1.0463736161775e-05
-1.05015434319452e-05
-1.05389049317684e-05
-1.05757715332946e-05
-1.06121017567115e-05
-1.06478636211983e-05
-1.06830364112267e-05
-1.07176123183815e-05
-1.07515979047191e-05
-1.07850153187833e-05
-1.08179031820445e-05
-1.08503170542564e-05
-1.08823293834401e-05
-1.09140288518492e-05
-1.09455190446073e-05
-1.09769163930487e-05
-1.10083473794384e-05
-1.10399450319035e-05
-1.10718447853371e-05
-1.1104179832211e-05
-1.11370761326875e-05
-1.11706472920636e-05
-1.12049895416499e-05
-1.1240177073604e-05
-1.12762579789516e-05
-1.13132510202627e-05
-1.13511434368029e-05
-1.13898899324159e-05
-1.14294129380585e-05
-1.14696041758523e-05
-1.15103274843123e-05
-1.15514227997079e-05
-1.15927111306383e-05
-1.1634000315455e-05
-1.16750913177618e-05
-1.1715784795292e-05
-1.17558876722717e-05
-1.17952194540737e-05
-1.18336180438155e-05
-1.18709448512101e-05
-1.19070890217771e-05
-1.19419706567879e-05
-1.19755429385935e-05
-1.20077931201853e-05
-1.20387423803544e-05
-1.20684445854401e-05
-1.20969840345853e-05
-1.21244722970293e-05
-1.21510442768092e-05
-1.21768536618275e-05
-1.22020679300858e-05
-1.22268630954592e-05
-1.22514183782215e-05
-1.22759109813254e-05
-1.23005111421676e-05
-1.23253776116176e-05
-1.23506536882885e-05
-1.23764639076937e-05
-1.24029114547366e-05
-1.24300763358344e-05
-1.24580143158406e-05
-1.2486756596569e-05
-1.25163101895691e-05
-1.25466589167495e-05
-1.25777649588691e-05
-1.26095708635989e-05
-1.26420019212036e-05
-1.26749688159797e-05
-1.27083704644491e-05
-1.27420969560398e-05
-1.2776032517932e-05
-1.28100584325177e-05
-1.28440558434322e-05
-1.28779083944353e-05
-1.29115046547304e-05
-1.2944740294637e-05
-1.2977519986746e-05
-1.30097590192994e-05
-1.30413846197948e-05
-1.30723369967193e-05
-1.31025701148191e-05
-1.31320522234621e-05
-1.31607661578894e-05
-1.31887094293874e-05
-1.32158941132277e-05
-1.32423465337906e-05
-1.32681067363462e-05
-1.32932277265259e-05
-1.33177744536307e-05
-1.33418225143422e-05
-1.33654565602375e-05
-1.33887684060535e-05
-1.34118548551814e-05
-1.34348152827348e-05
-1.34577490422397e-05
-1.34807527865508e-05
-1.35039178138674e-05
-1.35273275628399e-05
-1.35510553845336e-05
-1.35751627122236e-05
-1.3599697732561e-05
-1.36246946346932e-05
-1.36501734795878e-05
-1.3676140693047e-05
-1.37025901460796e-05
-1.37295047488016e-05
-1.37568584519326e-05
-1.37846185256105e-05
-1.38127479702083e-05
-1.38412079086934e-05
-1.38699598145406e-05
-1.38989674422826e-05
-1.39281983479203e-05
-1.3957624911828e-05
-1.39872248056398e-05
-1.40169808751805e-05
-1.40468804423859e-05
-1.40769140591719e-05
-1.41070737745062e-05
-1.41373510018328e-05
-1.41677340969391e-05
-1.41982057758104e-05
-1.42287405173794e-05
-1.42593021066687e-05
-1.42898414788504e-05
-1.43202950233674e-05
-1.43505834986538e-05
-1.43806116914764e-05
-1.44102689300515e-05
-1.44394305268384e-05
-1.44679601857497e-05
-1.44957133605581e-05
-1.4522541498318e-05
-1.45482970461864e-05
-1.45728390452661e-05
-1.4596039084695e-05
-1.46177873470777e-05
-1.46379984464036e-05
-1.46566167452639e-05
-1.46736208421275e-05
-1.46890269431079e-05
-1.47028908760662e-05
-1.47153085663892e-05
-1.47264148701319e-05
-1.47363807467106e-05
-1.47454088442335e-05
-1.47537276595127e-05
-1.47615845154982e-05
-1.47692376655646e-05
-1.47769478821767e-05
-1.47849699138762e-05
-1.47935441979786e-05
-1.48028891973188e-05
-1.48131946899805e-05
-1.48246162846391e-05
-1.48372713653226e-05
-1.48512365928928e-05
-1.48665470112367e-05
-1.48831967285997e-05
-1.49011410726337e-05
-1.49203000548237e-05
-1.4940562928449e-05
-1.49617935858425e-05
-1.49838365164696e-05
-1.50065230376805e-05
-1.50296775147718e-05
-1.50531233055596e-05
-1.50766881958074e-05
-1.51002091337956e-05
-1.51235361226963e-05
-1.5146535185311e-05
-1.51690903737501e-05
-1.51911048530709e-05
-1.52125011389811e-05
-1.52332206118838e-05
-1.52532224598021e-05
-1.52724822189116e-05
-1.52909900815491e-05
-1.53087491279498e-05
-1.53257736112927e-05
-1.53420873888754e-05
-1.5357722549416e-05
-1.53727182423006e-05
-1.53871196739634e-05
-1.54009772041168e-05
-1.54143454539782e-05
-1.54272823324426e-05
-1.54398478951552e-05
-1.545210297469e-05
-1.5464107554862e-05
-1.54759189044426e-05
-1.5487589530043e-05
-1.54991650491266e-05
-1.55106821167e-05
-1.55221665588716e-05
-1.55336318702858e-05
-1.55450782194786e-05
-1.55564920774889e-05
-1.55678465435568e-05
-1.55791023918879e-05
-1.55902098106515e-05
-1.56011107542009e-05
-1.56117417870447e-05
-1.5622037267277e-05
-1.56319327002959e-05
-1.56413680911621e-05
-1.56502911345564e-05
-1.56586601022069e-05
-1.56664463151427e-05
-1.56736361181658e-05
-1.56802323027948e-05
-1.56862549498106e-05
-1.56917416818087e-05
-1.56967473296366e-05
-1.57013430252987e-05
-1.57056147398389e-05
-1.57096612903169e-05
-1.57135918476707e-05
-1.5717522988834e-05
-1.57215753528158e-05
-1.57258699812647e-05
-1.57305244478408e-05
-1.57356489050638e-05
-1.57413421990814e-05
-1.57476882187555e-05
-1.5754752652584e-05
-1.57625803230395e-05
-1.57711932516808e-05
-1.5780589579935e-05
-1.57907434310284e-05
-1.58016057505901e-05
-1.58131061102405e-05
-1.58251554038501e-05
-1.58376493140992e-05
-1.5850472381316e-05
-1.58635024706257e-05
-1.58766154097945e-05
-1.58896895604567e-05
-1.59026100903842e-05
-1.59152727337748e-05
-1.59275868589937e-05
-1.59394777067339e-05
-1.59508877134271e-05
-1.59617768916688e-05
-1.5972122297805e-05
-1.59819166729125e-05
-1.59911663934938e-05
-1.59998889089213e-05
-1.60081098711089e-05
-1.60158601759346e-05
-1.60231731343518e-05
-1.60300819737743e-05
-1.6036617838191e-05
-1.60428084107095e-05
-1.60486772280354e-05
-1.60542436967838e-05
-1.60595237610814e-05
-1.60645311144252e-05
-1.60692788007822e-05
-1.60737810144412e-05
-1.60780548881884e-05
-1.60821220568046e-05
-1.60860097980951e-05
-1.60897515856707e-05
-1.60933869341127e-05
-1.60969604744287e-05
-1.61005202613716e-05
-1.61041153792553e-05
-1.6107792974165e-05
-1.6111594893028e-05
-1.6115554149579e-05
-1.6119691460539e-05
-1.61240121003138e-05
-1.61285033086564e-05
-1.61331324540605e-05
-1.61378461086793e-05
-1.61425701321579e-05
-1.61472107968058e-05
-1.61516569204361e-05
-1.6155782911436e-05
-1.61594525781636e-05
-1.61625235154875e-05
-1.61648518576528e-05
-1.61662971793912e-05
-1.61667273352598e-05
-1.6166023047971e-05
-1.61640820861575e-05
-1.61608229061663e-05
-1.61561876666722e-05
-1.61501445553716e-05
-1.61426893911777e-05
-1.61338464821173e-05
-1.61236687290721e-05
-1.61122369706117e-05
-1.60996585674449e-05
-1.60860652299512e-05
-1.60716101020917e-05
-1.60564641321332e-05
-1.60408117860645e-05
-1.60248461926873e-05
-1.60087638477793e-05
-1.59927590446167e-05
-1.59770182347357e-05
-1.59617145509579e-05
-1.59470027396763e-05
-1.59330147475434e-05
-1.59198561870096e-05
-1.59076038656134e-05
-1.58963045076124e-05
-1.58859747274691e-05
-1.58766022384048e-05
-1.58681482021786e-05
-1.58605505551584e-05
-1.58537280868773e-05
-1.58475850057605e-05
-1.5842015706078e-05
-1.58369094519813e-05
-1.58321547181866e-05
-1.58276429699444e-05
-1.58232717231267e-05
-1.5818946793047e-05
-1.58145837117167e-05
-1.58101083612445e-05
-1.58054569300346e-05
-1.58005753433995e-05
-1.57954183476598e-05
-1.57899484349774e-05
-1.57841347851605e-05
-1.57779523723922e-05
-1.57713813427943e-05
-1.57644067177062e-05
-1.57570184230648e-05
-1.57492115930678e-05
-1.57409870518065e-05
-1.57323518443242e-05
-1.57233196718709e-05
-1.57139110866709e-05
-1.5704153319252e-05
-1.56940796445582e-05
-1.56837282383958e-05
-1.56731405287825e-05
-1.56623591022329e-05
-1.56514252774384e-05
-1.5640376502945e-05
-1.56292437668243e-05
-1.56180492216822e-05
-1.56068042258312e-05
-1.55955079809139e-05
-1.55841469091988e-05
-1.55726948631901e-05
-1.55611142003204e-05
-1.55493576913868e-05
-1.55373711684022e-05
-1.55250967608997e-05
-1.55124765240033e-05
-1.54994562303227e-05
-1.54859890831869e-05
-1.54720391117036e-05
-1.54575840280146e-05
-1.54426173619864e-05
-1.54271497355051e-05
-1.54112091938269e-05
-1.53948405710009e-05
-1.53781039260494e-05
-1.53610721424065e-05
-1.53438278315511e-05
-1.53264597199343e-05
-1.53090587240413e-05
-1.52917139304548e-05
-1.52745086957223e-05
-1.52575170652109e-05
-1.52408006824625e-05
-1.52244063231543e-05
-1.52083641437034e-05
-1.51926866874049e-05
-1.51773686445671e-05
-1.51623873211023e-05
-1.51477037356407e-05
-1.51332642408294e-05
-1.51190025512699e-05
-1.51048420585092e-05
-1.50906983212724e-05
-1.50764816342901e-05
-1.50620995984251e-05
-1.50474596348361e-05
-1.50324714033759e-05
-1.50170490977293e-05
-1.50011135955489e-05
-1.49845944409237e-05
-1.49674316302019e-05
-1.49495771628591e-05
-1.49309963098872e-05
-1.49116685463658e-05
-1.4891588095334e-05
-1.48707640387205e-05
-1.4849219968435e-05
-1.48269931757599e-05
-1.48041334073785e-05
-1.47807012480531e-05
-1.47567662187836e-05
-1.47324047009378e-05
-1.47076978077573e-05
-1.4682729322555e-05
-1.46575838073553e-05
-1.46323449581258e-05
-1.46070942463955e-05
-1.45819098466298e-05
-1.45568658097174e-05
-1.45320314107857e-05
-1.45074705790081e-05
-1.44832413112931e-05
-1.44593949819911e-05
-1.44359754860423e-05
-1.44130181902689e-05
-1.43905487120162e-05
-1.43685815902642e-05
-1.43471189555601e-05
-1.43261493361036e-05
-1.43056467537396e-05
-1.42855702629413e-05
-1.42658640676401e-05
-1.42464583165396e-05
-1.4227270630711e-05
-1.4208208362443e-05
-1.41891715268553e-05
-1.41700562930681e-05
-1.41507588745964e-05
-1.41311796229904e-05
-1.41112271071603e-05
-1.40908219545648e-05
-1.40699002394407e-05
-1.40484162263342e-05
-1.40263443123321e-05
-1.40036800559292e-05
-1.39804402314206e-05
-1.39566619019044e-05
-1.39324005582301e-05
-1.39077274224422e-05
-1.38827260595127e-05
-1.38574884777931e-05
-1.3832110924404e-05
-1.38066895950271e-05
-1.37813164773075e-05
-1.37560755332056e-05
-1.37310393990305e-05
-1.37062667444081e-05
-1.36818003858646e-05
-1.36576662005435e-05
-1.36338728347582e-05
-1.36104121546084e-05
-1.35872603454137e-05
-1.35643795362241e-05
-1.35417198070967e-05
-1.35192214309792e-05
-1.34968172084357e-05
-1.34744347704923e-05
-1.34519987500255e-05
-1.34294327521927e-05
-1.34066610859962e-05
-1.33836102488405e-05
-1.33602101810188e-05
-1.33363953252658e-05
-1.33121055365412e-05
-1.32872868887195e-05
-1.32618924184222e-05
-1.323588283323e-05
-1.32092271939352e-05
-1.31819035607474e-05
-1.31538995739704e-05
-1.31252129230545e-05
-1.30958516462167e-05
-1.30658341975998e-05
-1.30351892211954e-05
-1.30039549807375e-05
-1.29721784120315e-05
-1.2939913787559e-05
-1.29072210109763e-05
-1.2874163589073e-05
-1.28408063584125e-05
-1.2807213070605e-05
-1.27734439614766e-05
-1.27395534430662e-05
-1.27055880616781e-05
-1.26715848590601e-05
-1.26375702568539e-05
-1.26035595573249e-05
-1.25695571174233e-05
-1.25355572106665e-05
-1.25015455450608e-05
-1.24675013586452e-05
-1.24333999708461e-05
-1.23992156311866e-05
-1.23649244801577e-05
-1.23305074227202e-05
-1.22959527145626e-05
-1.22612580754119e-05
-1.22264321717522e-05
-1.21914953514714e-05
-1.21564795624468e-05
-1.21214274422924e-05
-1.2086390623313e-05
-1.20514273508488e-05
-1.20165995605232e-05
-1.19819695968588e-05
-1.1947596779526e-05
-1.19135340324768e-05
-1.1879824784907e-05
-1.18465003321772e-05
-1.18135778114498e-05
-1.17810589038062e-05
-1.174892932562e-05
-1.17171591209863e-05
-1.16857037179928e-05
-1.16545056681544e-05
-1.16234969532662e-05
-1.15926017191617e-05
-1.15617392822291e-05
-1.15308272517655e-05
-1.149978461816e-05
-1.14685346715503e-05
-1.14370076356661e-05
-1.14051429246392e-05
-1.13728909544017e-05
-1.13402144631988e-05
-1.13070893165603e-05
-1.12735047903508e-05
-1.12394633413244e-05
-1.12049798884529e-05
-1.11700806408423e-05
-1.1134801519925e-05
-1.10991862351909e-05
-1.10632840839847e-05
-1.10271475564455e-05
-1.09908298357127e-05
-1.09543822901102e-05
-1.09178520571396e-05
-1.08812798179623e-05
-1.08446978551919e-05
-1.08081284762571e-05
-1.07715828698583e-05
-1.07350604450504e-05
-1.06985486824548e-05
-1.06620235063381e-05
-1.06254501660001e-05
-1.05887845960273e-05
-1.0551975208088e-05
-1.05149650522705e-05
-1.04776942734149e-05
-1.0440102777185e-05
-1.04021330114805e-05
-1.0363732761083e-05
-1.03248578472921e-05
-1.02854746202464e-05
-1.02455621304361e-05
-1.02051138686451e-05
-1.01641389712982e-05
-1.01226628019031e-05
-1.00807268395571e-05
-1.0038387832427e-05
-9.9957162071261e-06
-9.95279376271484e-06
-9.90971071867957e-06
-9.86656222716261e-06
-9.82344449799082e-06
-9.78045071759397e-06
-9.73766696672912e-06
-9.69516835442848e-06
-9.65301558481035e-06
-9.61125215826395e-06
-9.56990237903517e-06
-9.5289702985629e-06
-9.48843967039161e-06
-9.44827493153513e-06
-9.40842316108037e-06
-9.36881690442853e-06
-9.32937769584034e-06
-9.29002006751382e-06
-9.25065580410977e-06
-9.21119819005767e-06
-9.17156600418729e-06
-9.13168704158803e-06
-9.09150098375548e-06
-9.05096149120305e-06
-9.01003745285623e-06
-8.96871338817651e-06
-8.92698905556362e-06
-8.88487836924047e-06
-8.8424077627453e-06
-8.7996141580512e-06
-8.7565427046108e-06
-8.71324444336307e-06
-8.66977402947011e-06
-8.62618761787096e-06
-8.5825409818043e-06
-8.53888790045868e-06
-8.49527882157679e-06
-8.45175978102387e-06
-8.40837154574927e-06
-8.36514893972514e-06
-8.32212031368853e-06
-8.27930712725826e-06
-8.23672362403155e-06
-8.19437659410072e-06
-8.15226523164933e-06
-8.11038110583936e-06
-8.06870826960646e-06
-8.0272235324491e-06
-7.98589691973063e-06
-7.94469233294203e-06
-7.90356841381814e-06
-7.86247960151179e-06
-7.82137735770919e-06
-7.78021152111151e-06
-7.73893174146134e-06
-7.69748893535599e-06
-7.65583670224034e-06
-7.6139326396101e-06
-7.571739501599e-06
-7.52922615438854e-06
-7.48636829452557e-06
-7.44314891119666e-06
-7.39955848949023e-06
-7.35559496723651e-06
-7.31126347170992e-06
-7.26657587300219e-06
-7.22155019721126e-06
-7.17620994414755e-06
-7.13058335096176e-06
-7.08470263544116e-06
-7.03860324174415e-06
-6.99232309854153e-06
-6.94590188670009e-06
-6.89938030266213e-06
-6.85279929627947e-06
-6.80619925940761e-06
-6.75961914483257e-06
-6.71309550414761e-06
-6.66666144730806e-06
-6.62034554432784e-06
-6.5741707089e-06
-6.52815312220905e-06
-6.48230127032513e-06
-6.43661517799282e-06
-6.39108592348972e-06
-6.34569551239481e-06
-6.30041717232695e-06
-6.2552161067088e-06
-6.2100507150351e-06
-6.16487425242618e-06
-6.1196368654525e-06
-6.0742879076225e-06
-6.02877840978373e-06
-5.98306356085935e-06
-5.93710504501494e-06
-5.89087308379673e-06
-5.84434804622344e-06
-5.79752151538444e-06
-5.75039673491345e-06
-5.70298840004724e-06
-5.65532180253026e-06
-5.60743138280286e-06
-5.5593587831771e-06
-5.51115052890188e-06
-5.46285548763627e-06
-5.41452227022467e-06
-5.36619673610678e-06
-5.31791975548669e-06
-5.26972535873308e-06
-5.22163937334897e-06
-5.17367861275784e-06
-5.12585064194207e-06
-5.0781541055607e-06
-5.03057956734073e-06
-4.98311077772187e-06
-4.93572626190919e-06
-4.88840110405041e-06
-4.84110879599476e-06
-4.79382302116937e-06
-4.74651925509254e-06
-4.69917608293785e-06
-4.65177615988903e-06
-4.60430676989534e-06
-4.55675997065848e-06
-4.50913234488415e-06
-4.46142440760439e-06
-4.41363974444532e-06
-4.36578397410558e-06
-4.31786363853734e-06
-4.2698851255322e-06
-4.22185372051329e-06
-4.17377286803662e-06
-4.12564370031006e-06
-4.07746486213521e-06
-4.02923263174622e-06
-3.98094130798785e-06
-3.93258380900962e-06
-3.88415240865939e-06
-3.83563952589923e-06
-3.78703848083558e-06
-3.73834413836869e-06
-3.68955337603832e-06
-3.64066533450111e-06
-3.59168143467083e-06
-3.54260517196039e-06
-3.49344172232122e-06
-3.44419741423044e-06
-3.39487913339299e-06
-3.3454937315106e-06
-3.29604750678943e-06
-3.24654581264331e-06
-3.19699283387243e-06
-3.14739154865838e-06
-3.09774387255886e-06
-3.04805095987698e-06
-2.99831362061109e-06
-2.94853279941798e-06
-2.89871005768655e-06
-2.84884800117462e-06
-2.79895060318463e-06
-2.74902338576734e-06
-2.69907343728806e-06
-2.64910926196739e-06
-2.59914047380503e-06
-2.54917736191116e-06
-2.49923036538877e-06
-2.44930950270883e-06
-2.39942380271042e-06
-2.34958078215435e-06
-2.29978600879693e-06
-2.2500427801584e-06
-2.200351937623e-06
-2.15071182432279e-06
-2.1011183844235e-06
-2.05156539176577e-06
-2.00204478790195e-06
-1.95254710376077e-06
-1.90306193560148e-06
-1.85357844454562e-06
-1.80408584962766e-06
-1.75457388673348e-06
-1.70503320969543e-06
-1.65545571485552e-06
-1.60583477624871e-06
-1.5561653848351e-06
-1.50644419155082e-06
-1.45666945997232e-06
-1.40684093972364e-06
-1.35695967605986e-06
-1.3070277740491e-06
-1.25704813726378e-06
-1.20702420081275e-06
-1.15695967697256e-06
-1.10685832881974e-06
-1.05672378345778e-06
-1.00655939208811e-06
-9.56368139738516e-07
-9.06152603364375e-07
-8.55914953622637e-07
-8.05656993124601e-07
-7.5538022249319e-07
-7.05085925043763e-07
-6.54775261212389e-07
-6.04449364735694e-07
-5.54109433774515e-07
-5.03756811425121e-07
-4.53393051198907e-07
-4.03019963986029e-07
-3.52639643765695e-07
-3.02254469982742e-07
-2.51867085229107e-07
-2.01480347806283e-07
-1.51097260020317e-07
-1.0072087470949e-07
-5.03541844554362e-08
-2.9439226618788e-21
5.03391736932931e-08
1.00661253855316e-07
1.50964678286803e-07
2.01248475585576e-07
2.51512298712963e-07
3.01756416138031e-07
3.51981658505717e-07
4.0218932307903e-07
4.52381042627727e-07
5.02558629445762e-07
5.52723908262505e-07
6.02878553549614e-07
6.53023946848857e-07
7.03161068185292e-07
7.53290432515688e-07
8.03412077815446e-07
8.5352560629493e-07
9.03630274909776e-07
9.53725126362331e-07
1.00380914770497e-06
1.05388144087288e-06
1.10394138827003e-06
1.15398879702206e-06
1.20402400763771e-06
1.25404795637449e-06
1.30406218524206e-06
1.35406879885132e-06
1.40407037272085e-06
1.45406982265225e-06
1.50407024886981e-06
1.5540747713408e-06
1.60408637371104e-06
1.65410777241941e-06
1.70414132478734e-06
1.75418898541089e-06
1.80425231440834e-06
1.85433253456704e-06
1.9044306278847e-06
1.95454745616507e-06
2.00468388592606e-06
2.05484089550737e-06
2.10501964232071e-06
2.1552214707969e-06
2.20544784658977e-06
2.25570020954772e-06
2.30597974617854e-06
2.35628709097186e-06
2.40662197411247e-06
2.45698283997965e-06
2.50736646569486e-06
2.55776761140103e-06
2.60817873374606e-06
2.65858979129835e-06
2.70898816568048e-06
2.75935871559349e-06
2.80968397324163e-06
2.85994448460386e-06
2.91011928712095e-06
2.96018651115425e-06
3.01012408535767e-06
3.05991052107516e-06
3.10952574708948e-06
3.15895196346883e-06
3.20817448179859e-06
3.25718251864653e-06
3.30596990961344e-06
3.35453571272428e-06
3.40288467221649e-06
3.45102751700689e-06
3.49898107230083e-06
3.54676816796445e-06
3.59441733338987e-06
3.64196227556814e-06
3.6894411448e-06
3.73689560070997e-06
3.78436969971467e-06
3.83190863350549e-06
3.87955735607977e-06
3.92735914400239e-06
3.97535414049917e-06
4.02357793827332e-06
4.07206025820742e-06
4.12082378102064e-06
4.16988318620776e-06
4.21924444700907e-06
4.26890442169434e-06
4.31885077021001e-06
4.36906221154819e-06
4.41950912157974e-06
4.47015445428693e-06
4.52095495225196e-06
4.57186259595851e-06
4.62282622705044e-06
4.67379326925017e-06
4.72471146312488e-06
4.77553052805248e-06
4.82620366703428e-06
4.876688837541e-06
4.92694972410033e-06
4.97695636520619e-06
5.02668540738978e-06
5.07611998170227e-06
5.12524922099925e-06
5.17406745877649e-06
5.22257317039856e-06
5.27076773402202e-06
5.31865410020612e-06
5.36623546529808e-06
5.41351404371816e-06
5.46049002820867e-06
5.50716081531818e-06
5.55352055663467e-06
5.59956007565707e-06
5.64526716705651e-06
5.69062727091924e-06
5.7356244909011e-06
5.78024290348032e-06
5.82446808689391e-06
5.86828878382999e-06
5.91169860214947e-06
5.95469765313558e-06
5.99729402703614e-06
6.03950501077234e-06
6.08135796228191e-06
6.12289076961298e-06
6.1641518401225e-06
6.20519958548289e-06
6.24610139115569e-06
6.2869320839611e-06
6.32777193761914e-06
6.36870428270352e-06
6.40981281311285e-06
6.45117870443771e-06
6.49287767878971e-06
6.53497716396996e-06
6.57753370057836e-06
6.62059074737961e-06
6.66417702202818e-06
6.70830549089178e-06
6.75297308881713e-06
6.79816120875884e-06
6.84383695460287e-06
6.88995510133299e-06
6.93646065847112e-06
6.98329188922128e-06
7.03038360257904e-06
7.07767051198024e-06
7.12509044424374e-06
7.17258718800046e-06
7.22011279173672e-06
7.26762915704869e-06
7.31510882057414e-06
7.36253487517363e-06
7.40990004328752e-06
7.45720497846653e-06
7.50445593010962e-06
7.55166195681785e-06
7.5988319113497e-06
7.64597144162098e-06
7.69308025533502e-06
7.74014987980528e-06
7.787162113987e-06
7.8340883188309e-06
7.88088962840636e-06
7.92751809260679e-06
7.97391868829618e-06
8.02003206552438e-06
8.06579783484503e-06
8.11115815605432e-06
8.15606136188291e-06
8.20046534476502e-06
8.24434045133862e-06
8.28767166639113e-06
8.33045992228021e-06
8.37272243660641e-06
8.41449205420066e-06
8.45581564294895e-06
8.49675166042296e-06
8.53736706432093e-06
8.57773378026091e-06
8.61792496307012e-06
8.65801129174239e-06
8.69805752477146e-06
8.73811951414999e-06
8.7782418365262e-06
8.8184561529396e-06
8.8587803583518e-06
8.89921853256744e-06
8.93976165809569e-06
8.98038903013434e-06
9.02107025038983e-06
9.06176767036877e-06
9.10243913110062e-06
9.14304083478205e-06
9.18353017941881e-06
9.22386839022858e-06
9.26402279163706e-06
9.303968581563e-06
9.34368999567672e-06
9.3831807833981e-06
9.42244395889293e-06
9.46149083767195e-06
9.50033942005996e-06
9.53901223332977e-06
9.57753379055655e-06
9.61592786182317e-06
9.65421477809983e-06
9.69240899649931e-06
9.73051714550561e-06
9.76853673968396e-06
9.80645570664887e-06
9.84425280789038e-06
9.88189896422814e-06
9.9193594221333e-06
9.95659662545019e-06
9.99357359459123e-06
1.00302575677453e-05
1.00666236303773e-05
1.01026580529037e-05
1.0138361072515e-05
1.01737488922783e-05
1.02088547256666e-05
1.0243728782801e-05
1.02784371702565e-05
1.0313059753084e-05
1.0347687099694e-05
1.03824166919974e-05
1.04173486303406e-05
1.0452581092339e-05
1.04882058152628e-05
1.05243038633298e-05
1.05609419157073e-05
1.05981692710607e-05
1.06360157138277e-05
1.06744903302736e-05
1.07135813031451e-05
1.07532566564796e-05
1.07934658703953e-05
1.083414224227e-05
1.08752058375423e-05
1.09165668514818e-05
1.09581291929353e-05
1.09997941018403e-05
1.1041463623289e-05
1.10830437808241e-05
1.11244473189055e-05
1.11655959173876e-05
1.12064218174823e-05
1.12468688370419e-05
1.12868927908847e-05
1.13264613670225e-05
1.13655535397302e-05
1.14041586232594e-05
1.14422750838207e-05
1.14799092310239e-05
1.15170739028614e-05
1.15537872411656e-05
1.15900716289114e-05
1.16259528294622e-05
1.16614593342906e-05
1.16966218937242e-05
1.17314731786443e-05
1.17660475030822e-05
1.18003805305305e-05
1.18345088914057e-05
1.18684696548086e-05
1.19022996223914e-05
1.19360344423679e-05
1.19697075733511e-05
1.20033491563573e-05
1.20369848750019e-05
1.20706348955615e-05
1.21043129785325e-05
1.21380258415227e-05
1.21717728313196e-05
1.22055459337433e-05
1.22393301173087e-05
1.22731039751011e-05
1.23068406027066e-05
1.23405086318751e-05
1.23740733319275e-05
1.24074976943947e-05
1.24407434300754e-05
1.24737718293559e-05
1.25065444629601e-05
1.25390237274628e-05
1.25711732641086e-05
1.26029582974605e-05
1.26343459498683e-05
1.26653055876726e-05
1.26958092457775e-05
1.27258321603278e-05
1.27553534173394e-05
1.27843567014398e-05
1.28128311067521e-05
1.28407719544102e-05
1.28681815505012e-05
1.2895069815668e-05
1.29214547232385e-05
1.29473624955678e-05
1.2972827526295e-05
1.29978920168529e-05
1.30226053360019e-05
1.30470231287731e-05
1.30712062139549e-05
1.30952193159357e-05
1.31191296771466e-05
1.31430055923593e-05
1.31669148973809e-05
1.31909234345431e-05
1.32150935083224e-05
1.32394823387904e-05
1.32641405201359e-05
1.32891104971262e-05
1.33144250838615e-05
1.33401060652339e-05
1.33661629397935e-05
1.33925918802391e-05
1.34193750011106e-05
1.34464800292815e-05
1.34738604689412e-05
1.35014563374028e-05
1.3529195521092e-05
1.35569957637916e-05
1.35847672543789e-05
1.36124157328483e-05
1.36398459860758e-05
1.36669655635293e-05
1.36936885126125e-05
1.37199389173227e-05
1.37456540248477e-05
1.37707867634172e-05
1.37953074902043e-05
1.38192048576866e-05
1.38424857465624e-05
1.38651742780189e-05
1.38873099823161e-05
1.3908945258806e-05
1.39301423097844e-05
1.39509697631224e-05
1.39714992139892e-05
1.39918019132317e-05
1.40119458097642e-05
1.40319931187435e-05
1.40519985396727e-05
1.40720081930798e-05
1.4092059285747e-05
1.4112180457411e-05
1.41323927109135e-05
1.41527107868172e-05
1.41731448154736e-05
1.4193702066259e-05
1.42143886158163e-05
1.42352107739914e-05
1.42561761359612e-05
1.42772941689745e-05
1.42985762886057e-05
1.43200354283845e-05
1.43416851539236e-05
1.43635384142391e-05
1.43856060554203e-05
1.44078952425619e-05
1.44304079433958e-05
1.44531396210028e-05
1.44760782641911e-05
1.4499203854544e-05
1.45224883316014e-05
1.45458960756011e-05
1.45693848844074e-05
1.45929073813393e-05
1.46164127568718e-05
1.46398487221811e-05
1.46631635379974e-05
1.46863079789505e-05
1.47092371013703e-05
1.47319117002287e-05
1.47542993667969e-05
1.47763750903088e-05
1.47981213818519e-05
1.48195279341724e-05
1.48405908645132e-05
1.48613116167516e-05
1.48816956221276e-05
1.49017508333982e-05
1.492148625452e-05
1.4940910586657e-05
1.49600311016603e-05
1.49788528368582e-05
1.49973781810892e-05
1.50156068928526e-05
1.5033536558901e-05
1.50511634674818e-05
1.5068483836777e-05
1.50854953080173e-05
1.51021985863744e-05
1.51185990930696e-05
1.51347084809895e-05
1.51505458649234e-05
1.51661386273129e-05
1.51815226814562e-05
1.51967421060162e-05
1.52118481061138e-05
1.52268973050314e-05
1.52419494234675e-05
1.52570644565141e-05
1.52722995076717e-05
1.52877054796997e-05
1.5303323849597e-05
1.53191837658778e-05
1.53352996980988e-05
1.53516698404038e-05
1.53682754236341e-05
1.5385081027218e-05
1.54020359073547e-05
1.54190762782274e-05
1.54361284053642e-05
1.54531123023321e-05
1.5469945770651e-05
1.54865484937695e-05
1.55028458926648e-05
1.55187724740741e-05
1.55342744506423e-05
1.55493114807862e-05
1.55638574579133e-05
1.55779003653167e-05
1.55914412954796e-05
1.56044928019704e-05
1.56170768013426e-05
1.5629222266537e-05
1.56409629501994e-05
1.56523353472274e-05
1.56633770549125e-05
1.56741256229516e-05
1.56846179127348e-05
1.56948899147312e-05
1.57049769130784e-05
1.57149138447318e-05
1.57247356815054e-05
1.57344776688491e-05
1.57441752840163e-05
1.5753863824185e-05
1.57635775955848e-05
1.5773348739689e-05
1.57832057935088e-05
1.57931721299786e-05
1.58032644549069e-05
1.58134915448853e-05
1.58238533946165e-05
1.58343409040201e-05
1.58449361796178e-05
1.58556134576829e-05
1.58663405864085e-05
1.58770809392714e-05
1.58877955795885e-05
1.58984454632474e-05
1.59089934567665e-05
1.59194059626143e-05
1.5929653981708e-05
1.59397135002939e-05
1.59495651589718e-05
1.59591932380603e-05
1.59685840678488e-05
1.5977724036839e-05
1.59865974192151e-05
1.59951842695232e-05
1.60034586350666e-05
1.60113873143446e-05
1.60189293448266e-05
1.60260363394544e-05
1.6032653714214e-05
1.60387227658882e-05
1.60441834772588e-05
1.60489778541459e-05
1.60530535416387e-05
1.60563674313167e-05
1.60588889610079e-05
1.60606028253147e-05
1.60615108579593e-05
1.60616329126955e-05
1.60610066525334e-05
1.6059686249911e-05
1.6057740094548e-05
1.60552476919271e-05
1.60522960050574e-05
1.60489755381586e-05
1.60453764782261e-05
1.60415851969889e-05
1.60376813727428e-05
1.60337359232566e-05
1.60298098546239e-05
1.6025954035798e-05
1.60222098149148e-05
1.60186103115433e-05
1.6015182157565e-05
1.60119474249397e-05
1.60089254745173e-05
1.60061344860986e-05
1.60035924824604e-05
1.60013177323345e-05
